#Total No. of N-Gram Types: 4253
#Total No. of N-Gram Tokens: 56713
1	1602	1	и
2	1575	1	в
3	1477	1	я
4	1302	1	а
5	1166	1	вот
6	1165	1	ну
7	1160	1	не
8	1141	1	что
9	1015	1	то
10	941	1	это
11	811	1	на
12	695	1	да
13	672	1	там
14	663	1	как
15	579	1	у
16	516	1	с
17	459	1	мы
18	456	1	так
19	440	1	ты
20	388	1	очень
21	367	1	есть
22	355	1	но
23	333	1	мне
24	319	1	он
25	317	1	было
26	309	1	по
27	305	1	все
28	303	1	нет
29	290	1	меня
30	269	1	они
31	242	1	когда
32	232	1	она
33	232	1	потому
34	230	1	к
35	229	1	нас
36	219	1	э
37	216	1	из
38	216	1	просто
39	212	1	бы
40	211	1	уже
41	202	1	нрзб
42	199	1	б
43	195	1	за
44	187	1	знаю
45	185	1	вообще
46	184	1	потом
47	178	1	всё
48	164	1	же
49	160	1	была
50	156	1	ещё
51	156	1	или
52	155	1	мама
53	153	1	еще
54	146	1	был
55	142	1	тоже
56	141	1	такой
57	140	1	если
58	139	1	эээ
59	127	1	сейчас
60	123	1	смех
61	122	1	о
62	117	1	про
63	115	1	были
64	115	1	общем
65	114	1	говорящий
66	114	1	такая
67	113	1	даже
68	113	1	его
69	110	1	их
70	108	1	значит
71	108	1	тебе
72	105	1	раз
73	103	1	бабушка
74	103	1	ээ
75	101	1	типа
76	100	1	где
77	99	1	лиля
78	99	1	чтобы
79	98	1	нибудь
80	97	1	какие
81	97	1	п
82	96	1	тебя
83	95	1	для
84	95	1	до
85	95	1	какой
86	95	1	конечно
87	95	1	кто
88	94	1	только
89	93	1	много
90	92	1	надо
91	91	1	вы
92	91	1	может
93	90	1	короче
94	88	1	анна
95	85	1	которые
96	85	1	можно
97	83	1	настя
98	83	1	три
99	83	1	этот
100	80	1	будет
101	80	1	м
102	80	1	такое
103	78	1	больше
104	77	1	от
105	76	1	быть
106	76	1	говорят
107	76	1	рома
108	76	1	такие
109	76	1	хорошо
110	74	1	нам
111	73	1	поэтому
112	73	1	тут
113	71	1	чем
114	70	1	ребенок
115	69	1	самом
116	69	1	студент
117	68	1	этом
118	67	1	лет
119	66	1	костя
120	66	1	почему
121	65	1	думаю
122	65	1	ничего
123	64	1	время
124	64	1	деле
125	64	1	логопед
126	64	1	тогда
127	63	1	помню
128	63	1	пять
129	62	1	наверное
130	61	1	два
131	61	1	оля
132	60	1	маша
133	60	1	этого
134	58	1	сказать
135	57	1	брат
136	57	1	угу
137	56	1	арина
138	56	1	который
139	55	1	кстати
140	55	1	полина
141	54	1	люди
142	54	1	эти
143	53	1	ваня
144	53	1	катя
145	52	1	здесь
146	52	1	ладно
147	52	1	например
148	51	1	ни
149	50	1	алёна
150	50	1	гузель
151	50	1	день
152	50	1	ммм
153	50	1	него
154	50	1	один
155	50	1	человек
156	50	1	эльза
157	50	1	этой
158	49	1	всегда
159	49	1	минут
160	49	1	прямо
161	49	1	том
162	49	1	туда
163	48	1	во
164	48	1	себе
165	48	1	хотя
166	47	1	елена
167	47	1	одновременно
168	46	1	знаешь
169	46	1	кажется
170	46	1	никита
171	46	1	получается
172	46	1	саша
173	46	1	т
174	46	1	эм
175	45	1	моему
176	45	1	того
177	45	1	эту
178	44	1	ли
179	44	1	сколько
180	44	1	ха
181	43	1	всего
182	43	1	давай
183	43	1	которая
184	43	1	нужно
185	42	1	говорит
186	42	1	говорю
187	42	1	них
188	42	1	через
189	41	1	школу
190	40	1	говорить
191	40	1	двадцать
192	40	1	делать
193	40	1	именно
194	40	1	какая
195	40	1	ой
196	40	1	со
197	40	1	эта
198	39	1	её
199	39	1	людей
200	39	1	могу
201	39	1	после
202	38	1	алексей
203	38	1	блин
204	38	1	достаточно
205	38	1	ее
206	38	1	жизни
207	38	1	ирина
208	38	1	л
209	38	1	ольга
210	38	1	роман
211	38	1	тем
212	37	1	мой
213	37	1	пока
214	36	1	года
215	36	1	две
216	36	1	одна
217	36	1	хочу
218	36	1	юля
219	35	1	андрей
220	35	1	всех
221	35	1	мм
222	35	1	себя
223	35	1	четыре
224	35	1	этим
225	34	1	ага
226	34	1	без
227	34	1	голос
228	34	1	куда
229	34	1	люблю
230	34	1	нравится
231	34	1	теперь
232	33	1	интервьюер
233	33	1	р
234	32	1	ba
235	32	1	m
236	32	1	mama
237	32	1	буду
238	32	1	вроде
239	32	1	ему
240	32	1	лера
241	31	1	ааа
242	31	1	дело
243	31	1	иногда
244	31	1	какое
245	31	1	под
246	31	1	при
247	31	1	спасибо
248	30	1	з
249	30	1	нормально
250	30	1	первый
251	30	1	расскажи
252	30	1	чего
253	29	1	вам
254	29	1	г
255	29	1	сам
256	29	1	сама
257	29	1	сделать
258	29	1	соответственно
259	29	1	старший
260	29	1	хотела
261	28	1	детей
262	28	1	ездили
263	28	1	им
264	28	1	обычно
265	28	1	понравилось
266	28	1	совсем
267	28	1	таки
268	27	1	аа
269	27	1	ей
270	27	1	жизнь
271	27	1	интересно
272	27	1	каждый
273	27	1	можешь
274	27	1	моя
275	27	1	оно
276	27	1	слова
277	27	1	хочется
278	27	1	хочешь
279	26	1	булат
280	26	1	между
281	26	1	плюс
282	26	1	рассказать
283	26	1	самое
284	26	1	смысле
285	25	1	h
286	25	1	варвара
287	25	1	вика
288	25	1	всякие
289	25	1	господи
290	25	1	лучше
291	25	1	опять
292	25	1	татьяна
293	24	1	вопрос
294	24	1	деньги
295	24	1	класс
296	24	1	кому
297	24	1	либо
298	24	1	нее
299	24	1	некоторые
300	24	1	понятно
301	24	1	принципе
302	24	1	своей
303	24	1	сегодня
304	24	1	такого
305	24	1	чуть
306	24	1	шесть
307	23	1	времени
308	23	1	далее
309	23	1	дома
310	23	1	наверно
311	23	1	называется
312	23	1	равно
313	23	1	таких
314	23	1	те
315	22	1	большой
316	22	1	дальше
317	22	1	дети
318	22	1	какую
319	22	1	матвей
320	22	1	ней
321	22	1	несколько
322	22	1	часов
323	22	1	чтоб
324	22	1	школе
325	21	1	виктор
326	21	1	год
327	21	1	долго
328	21	1	жили
329	21	1	жить
330	21	1	кого
331	21	1	миша
332	21	1	помнишь
333	21	1	прям
334	21	1	свою
335	21	1	тобой
336	21	1	хоть
337	21	1	язык
338	20	1	более
339	20	1	галя
340	20	1	дочка
341	20	1	друг
342	20	1	другой
343	20	1	другому
344	20	1	думала
345	20	1	каких
346	20	1	места
347	20	1	нельзя
348	20	1	никто
349	20	1	свой
350	20	1	тридцать
351	19	1	вечером
352	19	1	второй
353	19	1	говоря
354	19	1	допустим
355	19	1	зачем
356	19	1	лариса
357	19	1	место
358	19	1	младший
359	19	1	н
360	19	1	немножко
361	19	1	никогда
362	19	1	ним
363	19	1	одной
364	19	1	павел
365	19	1	приехали
366	19	1	работать
367	19	1	слишком
368	19	1	слово
369	19	1	стоит
370	19	1	тот
371	19	1	учиться
372	19	1	хотел
373	19	1	час
374	19	1	чём
375	18	1	весь
376	18	1	говоришь
377	18	1	денег
378	18	1	дом
379	18	1	е
380	18	1	итоге
381	18	1	каким
382	18	1	москве
383	18	1	понимаю
384	18	1	пор
385	18	1	поскольку
386	18	1	проблемы
387	18	1	разных
388	18	1	русский
389	18	1	сильно
390	18	1	сначала
391	18	1	стороны
392	18	1	тему
393	18	1	фильм
394	18	1	этих
395	17	1	будут
396	17	1	возможно
397	17	1	всем
398	17	1	году
399	17	1	давайте
400	17	1	дня
401	17	1	довольно
402	17	1	заниматься
403	17	1	зовут
404	17	1	игорь
405	17	1	кадром
406	17	1	кем
407	17	1	могут
408	17	1	моей
409	17	1	начал
410	17	1	неё
411	17	1	получилось
412	17	1	пошла
413	17	1	разные
414	17	1	самый
415	17	1	стал
416	17	1	учитель
417	17	1	ходила
418	17	1	человека
419	17	1	што
420	16	1	sg
421	16	1	видео
422	16	1	вместе
423	16	1	выборы
424	16	1	девять
425	16	1	десять
426	16	1	другие
427	16	1	естественно
428	16	1	москвы
429	16	1	наш
430	16	1	наша
431	16	1	особенно
432	16	1	перед
433	16	1	пожалуйста
434	16	1	правда
435	16	1	раньше
436	16	1	реально
437	16	1	родители
438	16	1	семь
439	16	1	сказал
440	16	1	совершенно
441	16	1	сразу
442	16	1	уж
443	16	1	ходили
444	16	1	читать
445	16	1	школа
446	16	1	языке
447	15	1	y
448	15	1	будешь
449	15	1	вас
450	15	1	должен
451	15	1	ж
452	15	1	играть
453	15	1	классе
454	15	1	которой
455	15	1	куча
456	15	1	метро
457	15	1	минуты
458	15	1	момент
459	15	1	нашей
460	15	1	одно
461	15	1	одну
462	15	1	окей
463	15	1	поехали
464	15	1	понял
465	15	1	поняла
466	15	1	привет
467	15	1	свои
468	15	1	семьи
469	15	1	сергей
470	15	1	сих
471	15	1	смотрю
472	15	1	сюда
473	15	1	точно
474	14	1	d
475	14	1	вещи
476	14	1	вся
477	14	1	главное
478	14	1	говори
479	14	1	дела
480	14	1	должны
481	14	1	домой
482	14	1	других
483	14	1	кирилл
484	14	1	которую
485	14	1	любит
486	14	1	мало
487	14	1	мои
488	14	1	надеюсь
489	14	1	наши
490	14	1	новый
491	14	1	олегсергеевич
492	14	1	пятнадцать
493	14	1	россии
494	14	1	света
495	14	1	сказали
496	14	1	собственно
497	14	1	стать
498	14	1	утра
499	14	1	хотелось
500	13	1	алина
501	13	1	большая
502	13	1	бывает
503	13	1	видимо
504	13	1	восемь
505	13	1	всю
506	13	1	говорила
507	13	1	девочка
508	13	1	другую
509	13	1	думаешь
510	13	1	завтра
511	13	1	идти
512	13	1	какими
513	13	1	каком
514	13	1	кешью
515	13	1	концерт
516	13	1	маленький
517	13	1	мать
518	13	1	машина
519	13	1	месте
520	13	1	минус
521	13	1	море
522	13	1	начала
523	13	1	основном
524	13	1	первой
525	13	1	пойти
526	13	1	постоянно
527	13	1	рублей
528	13	1	семья
529	13	1	сижу
530	13	1	скорее
531	13	1	смотреть
532	13	1	спать
533	13	1	специально
534	13	1	спокойно
535	13	1	твои
536	13	1	улице
537	13	1	учились
538	13	1	ходить
539	13	1	честно
540	13	1	школы
541	13	1	юлия
542	13	1	языка
543	12	1	берег
544	12	1	вдруг
545	12	1	весело
546	12	1	говорил
547	12	1	говорили
548	12	1	давно
549	12	1	делали
550	12	1	делаю
551	12	1	детстве
552	12	1	друзья
553	12	1	знает
554	12	1	идет
555	12	1	квартиру
556	12	1	которое
557	12	1	кроме
558	12	1	круто
559	12	1	купил
560	12	1	купить
561	12	1	любят
562	12	1	меньше
563	12	1	многие
564	12	1	над
565	12	1	наоборот
566	12	1	наших
567	12	1	недавно
568	12	1	нравятся
569	12	1	первых
570	12	1	плане
571	12	1	плохо
572	12	1	поговорить
573	12	1	почти
574	12	1	пошли
575	12	1	пятьдесят
576	12	1	работу
577	12	1	работы
578	12	1	решил
579	12	1	своим
580	12	1	своих
581	12	1	семье
582	12	1	серьезно
583	12	1	сложно
584	12	1	смешно
585	12	1	собой
586	12	1	часть
587	11	1	inan
588	11	1	будто
589	11	1	быстро
590	11	1	взял
591	11	1	владислав
592	11	1	всеми
593	11	1	город
594	11	1	давали
595	11	1	девочки
596	11	1	девяносто
597	11	1	действительно
598	11	1	другое
599	11	1	здорово
600	11	1	знаете
601	11	1	знала
602	11	1	кадра
603	11	1	квартире
604	11	1	классно
605	11	1	кхм
606	11	1	летом
607	11	1	машины
608	11	1	менее
609	11	1	мир
610	11	1	можем
611	11	1	назад
612	11	1	найти
613	11	1	об
614	11	1	отец
615	11	1	писала
616	11	1	понимаешь
617	11	1	посмотреть
618	11	1	пошел
619	11	1	прошли
620	11	1	работа
621	11	1	расскажу
622	11	1	рассказчик
623	11	1	рядом
624	11	1	сами
625	11	1	связи
626	11	1	скажем
627	11	1	смеётся
628	11	1	смотри
629	11	1	соседка
630	11	1	страны
631	11	1	считаю
632	11	1	таким
633	11	1	темы
634	11	1	тому
635	11	1	тысячи
636	11	1	утром
637	11	1	училась
638	11	1	холодно
639	11	1	хорошие
640	11	1	хотели
641	11	1	часто
642	10	1	бывают
643	10	1	взять
644	10	1	вкус
645	10	1	вопросы
646	10	1	восемьдесят
647	10	1	двух
648	10	1	дед
649	10	1	дедушка
650	10	1	длинные
651	10	1	дней
652	10	1	должна
653	10	1	ехать
654	10	1	забыл
655	10	1	иии
656	10	1	интересные
657	10	1	картинка
658	10	1	кашель
659	10	1	ко
660	10	1	михаил
661	10	1	мной
662	10	1	написано
663	10	1	народ
664	10	1	начале
665	10	1	начали
666	10	1	нем
667	10	1	никаких
668	10	1	нуу
669	10	1	области
670	10	1	образом
671	10	1	обратно
672	10	1	озеро
673	10	1	особо
674	10	1	пол
675	10	1	прикольно
676	10	1	пришла
677	10	1	работает
678	10	1	рассказывала
679	10	1	ребята
680	10	1	своё
681	10	1	сказала
682	10	1	слушай
683	10	1	смешок
684	10	1	собака
685	10	1	стали
686	10	1	стало
687	10	1	ушёл
688	10	1	хороший
689	10	1	хотят
690	10	1	является
691	9	1	a
692	9	1	n
693	9	1	абсолютно
694	9	1	ан
695	9	1	анатолий
696	9	1	ар
697	9	1	берут
698	9	1	большое
699	9	1	брали
700	9	1	будем
701	9	1	ведет
702	9	1	взяли
703	9	1	видел
704	9	1	видишь
705	9	1	вокруг
706	9	1	города
707	9	1	городе
708	9	1	грустный
709	9	1	двенадцать
710	9	1	двести
711	9	1	другом
712	9	1	друзей
713	9	1	едем
714	9	1	женщина
715	9	1	живут
716	9	1	жил
717	9	1	зала
718	9	1	институте
719	9	1	историю
720	9	1	какого
721	9	1	кошки
722	9	1	леонид
723	9	1	маленькая
724	9	1	машине
725	9	1	мое
726	9	1	можете
727	9	1	москву
728	9	1	нами
729	9	1	насколько
730	9	1	невозможно
731	9	1	непонятно
732	9	1	нечего
733	9	1	отношение
734	9	1	отношения
735	9	1	папа
736	9	1	пару
737	9	1	переехали
738	9	1	подожди
739	9	1	половиной
740	9	1	примерно
741	9	1	причем
742	9	1	пришлось
743	9	1	раза
744	9	1	решили
745	9	1	руки
746	9	1	ситуация
747	9	1	следующий
748	9	1	смеется
749	9	1	смесь
750	9	1	стала
751	9	1	столько
752	9	1	страна
753	9	1	также
754	9	1	такую
755	9	1	танцами
756	9	1	твой
757	9	1	твоя
758	9	1	текст
759	9	1	тяжело
760	9	1	учителя
761	9	1	ушли
762	9	1	хорошая
763	9	1	хочет
764	9	1	чай
765	9	1	часа
766	9	1	эмм
767	9	1	этому
768	8	1	acc
769	8	1	komm
770	8	1	nom
771	8	1	ааa
772	8	1	английский
773	8	1	безусловно
774	8	1	белоруссии
775	8	1	брать
776	8	1	брови
777	8	1	вертолет
778	8	1	втором
779	8	1	говорящийа
780	8	1	говорящийб
781	8	1	грустно
782	8	1	далеко
783	8	1	дают
784	8	1	дверь
785	8	1	делаешь
786	8	1	друга
787	8	1	егэ
788	8	1	замечательно
789	8	1	занимается
790	8	1	звук
791	8	1	зимой
792	8	1	зрения
793	8	1	иду
794	8	1	илья
795	8	1	имеет
796	8	1	интересного
797	8	1	интересный
798	8	1	использовать
799	8	1	история
800	8	1	италии
801	8	1	казалось
802	8	1	колесико
803	8	1	компании
804	8	1	которых
805	8	1	купила
806	8	1	лично
807	8	1	любишь
808	8	1	любовь
809	8	1	любой
810	8	1	людям
811	8	1	лёва
812	8	1	маленькие
813	8	1	мамой
814	8	1	мемы
815	8	1	многих
816	8	1	могла
817	8	1	модель
818	8	1	моих
819	8	1	надя
820	8	1	немного
821	8	1	нему
822	8	1	неплохо
823	8	1	неудобно
824	8	1	никак
825	8	1	никит
826	8	1	ними
827	8	1	номер
828	8	1	ночь
829	8	1	нужен
830	8	1	обязательно
831	8	1	одиннадцать
832	8	1	одном
833	8	1	около
834	8	1	опыт
835	8	1	осталось
836	8	1	паре
837	8	1	поехал
838	8	1	получил
839	8	1	практически
840	8	1	придется
841	8	1	приехал
842	8	1	прихожу
843	8	1	пришел
844	8	1	путь
845	8	1	работала
846	8	1	разговор
847	8	1	районе
848	8	1	рано
849	8	1	речь
850	8	1	решила
851	8	1	родителей
852	8	1	сделал
853	8	1	сделали
854	8	1	смотрел
855	8	1	смотрела
856	8	1	сожалению
857	8	1	среди
858	8	1	сто
859	8	1	студентов
860	8	1	типо
861	8	1	умер
862	8	1	учился
863	8	1	учится
864	8	1	хе
865	8	1	ходят
866	8	1	целый
867	8	1	части
868	8	1	эт
869	8	1	ясно
870	7	1	s
871	7	1	александра
872	7	1	бабушкой
873	7	1	боже
874	7	1	борис
875	7	1	буквы
876	7	1	вечера
877	7	1	вещей
878	7	1	взяла
879	7	1	видно
880	7	1	вышел
881	7	1	говорим
882	7	1	готов
883	7	1	готовили
884	7	1	двери
885	7	1	двумя
886	7	1	детство
887	7	1	детьми
888	7	1	друзьями
889	7	1	единственное
890	7	1	ездить
891	7	1	ехали
892	7	1	женщины
893	7	1	живёт
894	7	1	забыла
895	7	1	задание
896	7	1	затем
897	7	1	земли
898	7	1	знал
899	7	1	идут
900	7	1	изначально
901	7	1	карл
902	7	1	квартиры
903	7	1	километров
904	7	1	короткий
905	7	1	котором
906	7	1	красивый
907	7	1	лагеря
908	7	1	минимум
909	7	1	мог
910	7	1	настолько
911	7	1	началась
912	7	1	начинается
913	7	1	наше
914	7	1	нашем
915	7	1	нашли
916	7	1	недели
917	7	1	неделю
918	7	1	ненавижу
919	7	1	нету
920	7	1	новые
921	7	1	ноль
922	7	1	общаться
923	7	1	одни
924	7	1	остался
925	7	1	остальное
926	7	1	парень
927	7	1	первую
928	7	1	перевести
929	7	1	получится
930	7	1	понравилась
931	7	1	понравились
932	7	1	попал
933	7	1	последний
934	7	1	пошёл
935	7	1	пришли
936	7	1	проблема
937	7	1	происходит
938	7	1	против
939	7	1	прошло
940	7	1	пусть
941	7	1	пытаюсь
942	7	1	рассказывали
943	7	1	ребят
944	7	1	секунд
945	7	1	система
946	7	1	скажи
947	7	1	скоро
948	7	1	слов
949	7	1	сорок
950	7	1	становится
951	7	1	стоят
952	7	1	стране
953	7	1	супер
954	7	1	та
955	7	1	точнее
956	7	1	троих
957	7	1	троллейбус
958	7	1	увидел
959	7	1	улица
960	7	1	факт
961	7	1	франции
962	7	1	ходил
963	7	1	хотим
964	7	1	человечек
965	7	1	чему
966	7	1	чисто
967	7	1	читаю
968	7	1	чё
969	7	1	шли
970	6	1	distinct
971	6	1	onion
972	6	1	part
973	6	1	автобус
974	6	1	автобусе
975	6	1	ам
976	6	1	антифриз
977	6	1	бабуля
978	6	1	бабушки
979	6	1	бешбармак
980	6	1	большие
981	6	1	большую
982	6	1	буквально
983	6	1	бутово
984	6	1	вау
985	6	1	верно
986	6	1	виду
987	6	1	волосы
988	6	1	восемнадцать
989	6	1	вполне
990	6	1	всей
991	6	1	всяких
992	6	1	вторых
993	6	1	выпускной
994	6	1	вышла
995	6	1	газета
996	6	1	главного
997	6	1	говорится
998	6	1	годы
999	6	1	гончар
1000	6	1	гораздо
1001	6	1	готовился
1002	6	1	группа
1003	6	1	должно
1004	6	1	доме
1005	6	1	думали
1006	6	1	ездил
1007	6	1	жигули
1008	6	1	загрузили
1009	6	1	закончила
1010	6	1	запомнила
1011	6	1	знаем
1012	6	1	знак
1013	6	1	играет
1014	6	1	играли
1015	6	1	идёт
1016	6	1	институт
1017	6	1	информация
1018	6	1	иран
1019	6	1	ирана
1020	6	1	ка
1021	6	1	каждого
1022	6	1	казахстана
1023	6	1	класса
1024	6	1	книги
1025	6	1	колесо
1026	6	1	коллектив
1027	6	1	конце
1028	6	1	кормила
1029	6	1	которого
1030	6	1	красиво
1031	6	1	крым
1032	6	1	культура
1033	6	1	лагере
1034	6	1	лагерь
1035	6	1	легко
1036	6	1	лингвистике
1037	6	1	литературу
1038	6	1	лишь
1039	6	1	лук
1040	6	1	лучший
1041	6	1	любил
1042	6	1	любимый
1043	6	1	математике
1044	6	1	мгм
1045	6	1	мем
1046	6	1	месяц
1047	6	1	миллионов
1048	6	1	могли
1049	6	1	молодец
1050	6	1	мужик
1051	6	1	мужчина
1052	6	1	мясо
1053	6	1	намного
1054	6	1	написала
1055	6	1	находятся
1056	6	1	начинает
1057	6	1	нашего
1058	6	1	немец
1059	6	1	никакой
1060	6	1	никуда
1061	6	1	ногой
1062	6	1	носили
1063	6	1	обед
1064	6	1	одного
1065	6	1	орешки
1066	6	1	первом
1067	6	1	поговорим
1068	6	1	погрей
1069	6	1	подумала
1070	6	1	поздно
1071	6	1	покупайте
1072	6	1	полностью
1073	6	1	полу
1074	6	1	польский
1075	6	1	понравился
1076	6	1	поступил
1077	6	1	появились
1078	6	1	преподаватели
1079	6	1	причём
1080	6	1	пятёрка
1081	6	1	работе
1082	6	1	район
1083	6	1	рассказывать
1084	6	1	рождения
1085	6	1	русские
1086	6	1	самого
1087	6	1	самолет
1088	6	1	самые
1089	6	1	саш
1090	6	1	свет
1091	6	1	свое
1092	6	1	семьдесят
1093	6	1	семью
1094	6	1	скажу
1095	6	1	слава
1096	6	1	словами
1097	6	1	слышно
1098	6	1	снимали
1099	6	1	снимать
1100	6	1	снова
1101	6	1	советского
1102	6	1	сообщение
1103	6	1	спал
1104	6	1	спрашивают
1105	6	1	спросить
1106	6	1	страшно
1107	6	1	студенты
1108	6	1	судить
1109	6	1	сути
1110	6	1	сынок
1111	6	1	таком
1112	6	1	тех
1113	6	1	той
1114	6	1	точки
1115	6	1	трудно
1116	6	1	ту
1117	6	1	тысяч
1118	6	1	убирай
1119	6	1	учителей
1120	6	1	учителем
1121	6	1	ушел
1122	6	1	х
1123	6	1	худи
1124	6	1	церковь
1125	6	1	чувак
1126	6	1	школ
1127	6	1	штук
1128	6	1	шёл
1129	6	1	щас
1130	6	1	этаж
1131	6	1	эх
1132	5	1	num
1133	5	1	активно
1134	5	1	арахис
1135	5	1	бабушку
1136	5	1	баллов
1137	5	1	берет
1138	5	1	билет
1139	5	1	ближе
1140	5	1	богу
1141	5	1	боюсь
1142	5	1	будущем
1143	5	1	вариант
1144	5	1	венера
1145	5	1	вернее
1146	5	1	вещь
1147	5	1	взгляд
1148	5	1	вид
1149	5	1	видела
1150	5	1	видеть
1151	5	1	вкусный
1152	5	1	владимир
1153	5	1	вложил
1154	5	1	вместо
1155	5	1	вниз
1156	5	1	восьми
1157	5	1	второго
1158	5	1	второе
1159	5	1	выбор
1160	5	1	выиграл
1161	5	1	вырезать
1162	5	1	вырос
1163	5	1	выставках
1164	5	1	выходные
1165	5	1	вышло
1166	5	1	гешу
1167	5	1	голову
1168	5	1	горбачёв
1169	5	1	гости
1170	5	1	грубо
1171	5	1	грязь
1172	5	1	гэкаю
1173	5	1	двадцати
1174	5	1	делаем
1175	5	1	делала
1176	5	1	делают
1177	5	1	держать
1178	5	1	детали
1179	5	1	детства
1180	5	1	деятельности
1181	5	1	доехали
1182	5	1	долг
1183	5	1	дороже
1184	5	1	другим
1185	5	1	ездила
1186	5	1	ездит
1187	5	1	ест
1188	5	1	желание
1189	5	1	жестко
1190	5	1	жесть
1191	5	1	живу
1192	5	1	жила
1193	5	1	заранее
1194	5	1	зато
1195	5	1	зашли
1196	5	1	знать
1197	5	1	идее
1198	5	1	идешь
1199	5	1	ии
1200	5	1	ильямихайлович
1201	5	1	имею
1202	5	1	имеют
1203	5	1	иначе
1204	5	1	инопланетян
1205	5	1	интернете
1206	5	1	искать
1207	5	1	итак
1208	5	1	каждом
1209	5	1	камеру
1210	5	1	каракатицах
1211	5	1	картинки
1212	5	1	квартира
1213	5	1	кили
1214	5	1	килограмм
1215	5	1	классов
1216	5	1	комнате
1217	5	1	коридоре
1218	5	1	корпус
1219	5	1	корреспондентом
1220	5	1	красивые
1221	5	1	крестик
1222	5	1	крысу
1223	5	1	купили
1224	5	1	лекцию
1225	5	1	лилии
1226	5	1	лингвисты
1227	5	1	лол
1228	5	1	лука
1229	5	1	магазин
1230	5	1	маккартни
1231	5	1	мальчик
1232	5	1	маме
1233	5	1	маму
1234	5	1	марина
1235	5	1	мария
1236	5	1	марс
1237	5	1	математический
1238	5	1	машину
1239	5	1	меровинги
1240	5	1	мечты
1241	5	1	мимо
1242	5	1	миндаль
1243	5	1	многим
1244	5	1	мол
1245	5	1	москва
1246	5	1	нагло
1247	5	1	назывался
1248	5	1	най
1249	5	1	недалеко
1250	5	1	ненавидят
1251	5	1	никому
1252	5	1	нового
1253	5	1	нужны
1254	5	1	нём
1255	5	1	общества
1256	5	1	ого
1257	5	1	одновременнно
1258	5	1	ок
1259	5	1	осталась
1260	5	1	остановиться
1261	5	1	отлично
1262	5	1	оттуда
1263	5	1	оценки
1264	5	1	очки
1265	5	1	пальто
1266	5	1	парадигма
1267	5	1	переехать
1268	5	1	писал
1269	5	1	писать
1270	5	1	платье
1271	5	1	победил
1272	5	1	подписывайтесь
1273	5	1	подумал
1274	5	1	поездки
1275	5	1	поехала
1276	5	1	показывает
1277	5	1	поле
1278	5	1	полтора
1279	5	1	получалось
1280	5	1	последняя
1281	5	1	посмотрела
1282	5	1	поставить
1283	5	1	построили
1284	5	1	правило
1285	5	1	правильно
1286	5	1	прекрасный
1287	5	1	приходили
1288	5	1	приходится
1289	5	1	проронил
1290	5	1	проходят
1291	5	1	прочее
1292	5	1	прочим
1293	5	1	прошёл
1294	5	1	пытался
1295	5	1	пью
1296	5	1	пятом
1297	5	1	пятый
1298	5	1	ради
1299	5	1	различные
1300	5	1	расписание
1301	5	1	рассказывал
1302	5	1	ребёнок
1303	5	1	результате
1304	5	1	рентген
1305	5	1	родителям
1306	5	1	роль
1307	5	1	русская
1308	5	1	русского
1309	5	1	русском
1310	5	1	салют
1311	5	1	самая
1312	5	1	самой
1313	5	1	самую
1314	5	1	своем
1315	5	1	своими
1316	5	1	своём
1317	5	1	села
1318	5	1	сестра
1319	5	1	сидела
1320	5	1	сидит
1321	5	1	сил
1322	5	1	систему
1323	5	1	системы
1324	5	1	скайп
1325	5	1	складывается
1326	5	1	следующая
1327	5	1	слышал
1328	5	1	снимаешь
1329	5	1	согласна
1330	5	1	стоять
1331	5	1	странно
1332	5	1	суть
1333	5	1	сходить
1334	5	1	счёт
1335	5	1	съела
1336	5	1	твёрдый
1337	5	1	театр
1338	5	1	телефон
1339	5	1	тину
1340	5	1	толстовка
1341	5	1	третьем
1342	5	1	увидела
1343	5	1	угодно
1344	5	1	удалось
1345	5	1	удобно
1346	5	1	удовольствие
1347	5	1	умел
1348	5	1	уметь
1349	5	1	умеют
1350	5	1	уровне
1351	5	1	успела
1352	5	1	учёба
1353	5	1	фамилия
1354	5	1	физике
1355	5	1	физику
1356	5	1	фильмов
1357	5	1	фильмы
1358	5	1	французский
1359	5	1	хватает
1360	5	1	хватит
1361	5	1	хихи
1362	5	1	хм
1363	5	1	хорватии
1364	5	1	хорошее
1365	5	1	цветы
1366	5	1	целую
1367	5	1	человеком
1368	5	1	читает
1369	5	1	читал
1370	5	1	шестьдесят
1371	5	1	штука
1372	5	1	эд
1373	4	1	apro
1374	4	1	class
1375	4	1	glass
1376	4	1	mixed
1377	4	1	note
1378	4	1	pl
1379	4	1	spro
1380	4	1	tor
1381	4	1	английском
1382	4	1	баден
1383	4	1	барашков
1384	4	1	бассейн
1385	4	1	беззеркалки
1386	4	1	белорусским
1387	4	1	белые
1388	4	1	бесплатно
1389	4	1	блюдо
1390	4	1	большим
1391	4	1	большинство
1392	4	1	брал
1393	4	1	братьях
1394	4	1	буква
1395	4	1	важно
1396	4	1	вай
1397	4	1	ведь
1398	4	1	века
1399	4	1	венеру
1400	4	1	верю
1401	4	1	веселая
1402	4	1	видим
1403	4	1	видите
1404	4	1	витя
1405	4	1	внимание
1406	4	1	воду
1407	4	1	военным
1408	4	1	впервые
1409	4	1	встретилась
1410	4	1	всякое
1411	4	1	всём
1412	4	1	выбрать
1413	4	1	выглядит
1414	4	1	выступать
1415	4	1	выходит
1416	4	1	вышки
1417	4	1	герой
1418	4	1	гитара
1419	4	1	гитаре
1420	4	1	гкчп
1421	4	1	глазами
1422	4	1	годов
1423	4	1	голова
1424	4	1	голове
1425	4	1	городу
1426	4	1	готовить
1427	4	1	готовы
1428	4	1	гриша
1429	4	1	громкоговорителя
1430	4	1	группе
1431	4	1	группу
1432	4	1	грусти
1433	4	1	гуляют
1434	4	1	д
1435	4	1	даче
1436	4	1	даша
1437	4	1	девочку
1438	4	1	девяти
1439	4	1	девятый
1440	4	1	делает
1441	4	1	делал
1442	4	1	детские
1443	4	1	длинный
1444	4	1	документы
1445	4	1	домов
1446	4	1	дорогие
1447	4	1	дочь
1448	4	1	другого
1449	4	1	думал
1450	4	1	думают
1451	4	1	дяди
1452	4	1	единственная
1453	4	1	еду
1454	4	1	ехал
1455	4	1	ехала
1456	4	1	забрали
1457	4	1	задавать
1458	4	1	задания
1459	4	1	задний
1460	4	1	закончу
1461	4	1	заметила
1462	4	1	заметили
1463	4	1	занимает
1464	4	1	занималась
1465	4	1	занимаюсь
1466	4	1	занимаются
1467	4	1	заставляет
1468	4	1	звукооператором
1469	4	1	здания
1470	4	1	ивановна
1471	4	1	идеально
1472	4	1	известно
1473	4	1	изучать
1474	4	1	имени
1475	4	1	имя
1476	4	1	интервью
1477	4	1	интереснее
1478	4	1	иране
1479	4	1	исключительно
1480	4	1	истории
1481	4	1	кагоцел
1482	4	1	каждой
1483	4	1	казахстане
1484	4	1	камеры
1485	4	1	канал
1486	4	1	капитан
1487	4	1	каракатица
1488	4	1	касательно
1489	4	1	кастрюля
1490	4	1	качество
1491	4	1	километра
1492	4	1	кларнет
1493	4	1	классные
1494	4	1	книгу
1495	4	1	колбасой
1496	4	1	комнату
1497	4	1	комплекс
1498	4	1	концерты
1499	4	1	королёв
1500	4	1	кот
1501	4	1	кота
1502	4	1	кошмар
1503	4	1	крайней
1504	4	1	крутая
1505	4	1	крутой
1506	4	1	крутые
1507	4	1	крыму
1508	4	1	крыс
1509	4	1	крысы
1510	4	1	культуры
1511	4	1	купались
1512	4	1	кухня
1513	4	1	лебединое
1514	4	1	легче
1515	4	1	лекции
1516	4	1	лесу
1517	4	1	лингвистов
1518	4	1	литература
1519	4	1	литературе
1520	4	1	любила
1521	4	1	любимого
1522	4	1	любую
1523	4	1	людьми
1524	4	1	мамаша
1525	4	1	машин
1526	4	1	меньших
1527	4	1	мере
1528	4	1	местах
1529	4	1	месяца
1530	4	1	месяцев
1531	4	1	метров
1532	4	1	мечта
1533	4	1	мило
1534	4	1	минута
1535	4	1	минуту
1536	4	1	многое
1537	4	1	моего
1538	4	1	моим
1539	4	1	молодой
1540	4	1	моменты
1541	4	1	муж
1542	4	1	музыку
1543	4	1	навруз
1544	4	1	нарисован
1545	4	1	народу
1546	4	1	насчет
1547	4	1	наурыз
1548	4	1	начало
1549	4	1	началось
1550	4	1	начать
1551	4	1	нашу
1552	4	1	неважно
1553	4	1	недолго
1554	4	1	неловко
1555	4	1	несмотря
1556	4	1	никого
1557	4	1	ночью
1558	4	1	нравилось
1559	4	1	нужна
1560	4	1	нууу
1561	4	1	образования
1562	4	1	общался
1563	4	1	общежитии
1564	4	1	общение
1565	4	1	общество
1566	4	1	обычные
1567	4	1	обязаны
1568	4	1	огромная
1569	4	1	огромное
1570	4	1	огромную
1571	4	1	огромные
1572	4	1	огромный
1573	4	1	однажды
1574	4	1	одногруппников
1575	4	1	оказалось
1576	4	1	оказывается
1577	4	1	округе
1578	4	1	описать
1579	4	1	орех
1580	4	1	орехи
1581	4	1	остальные
1582	4	1	остановился
1583	4	1	остановки
1584	4	1	отвезли
1585	4	1	отвечать
1586	4	1	отпуск
1587	4	1	отучилась
1588	4	1	охота
1589	4	1	очередь
1590	4	1	пара
1591	4	1	пары
1592	4	1	пастернаке
1593	4	1	первая
1594	4	1	первое
1595	4	1	первокурсников
1596	4	1	перешли
1597	4	1	песни
1598	4	1	пилот
1599	4	1	писали
1600	4	1	питер
1601	4	1	платья
1602	4	1	плохой
1603	4	1	побывала
1604	4	1	подошел
1605	4	1	поел
1606	4	1	поесть
1607	4	1	позвоню
1608	4	1	пойду
1609	4	1	покупал
1610	4	1	покупать
1611	4	1	половина
1612	4	1	полосы
1613	4	1	получаешь
1614	4	1	получить
1615	4	1	поля
1616	4	1	помимо
1617	4	1	понимают
1618	4	1	поняли
1619	4	1	понятие
1620	4	1	последнее
1621	4	1	последней
1622	4	1	постепенно
1623	4	1	поступила
1624	4	1	поступить
1625	4	1	похожа
1626	4	1	появилось
1627	4	1	правой
1628	4	1	праздник
1629	4	1	предмет
1630	4	1	представляла
1631	4	1	прекрасно
1632	4	1	привод
1633	4	1	придумали
1634	4	1	придётся
1635	4	1	приезжаю
1636	4	1	приходит
1637	4	1	приходят
1638	4	1	пришёл
1639	4	1	проблем
1640	4	1	проблемой
1641	4	1	продуктами
1642	4	1	протяжении
1643	4	1	профессии
1644	4	1	профессия
1645	4	1	прошлом
1646	4	1	проще
1647	4	1	прямой
1648	4	1	пускай
1649	4	1	пытались
1650	4	1	пяти
1651	4	1	пятого
1652	4	1	пятьсот
1653	4	1	работал
1654	4	1	рада
1655	4	1	разборка
1656	4	1	разговора
1657	4	1	рамках
1658	4	1	расскажите
1659	4	1	рассказываешь
1660	4	1	расшифровывать
1661	4	1	ребёнка
1662	4	1	речи
1663	4	1	родилась
1664	4	1	российская
1665	4	1	руками
1666	4	1	руководитель
1667	4	1	руню
1668	4	1	руня
1669	4	1	русски
1670	4	1	русскому
1671	4	1	ручки
1672	4	1	рыбу
1673	4	1	рынок
1674	4	1	саду
1675	4	1	сайт
1676	4	1	сбил
1677	4	1	сверху
1678	4	1	свободное
1679	4	1	северное
1680	4	1	секунды
1681	4	1	сел
1682	4	1	селекции
1683	4	1	сзади
1684	4	1	сидел
1685	4	1	сидели
1686	4	1	сидят
1687	4	1	системе
1688	4	1	случае
1689	4	1	случай
1690	4	1	слышу
1691	4	1	смогли
1692	4	1	смысл
1693	4	1	собаки
1694	4	1	собираешься
1695	4	1	советский
1696	4	1	советую
1697	4	1	социологии
1698	4	1	соционике
1699	4	1	спектакль
1700	4	1	специфический
1701	4	1	спрашивает
1702	4	1	спросил
1703	4	1	стану
1704	4	1	старались
1705	4	1	стекает
1706	4	1	стиль
1707	4	1	стой
1708	4	1	столетию
1709	4	1	стою
1710	4	1	стоя
1711	4	1	стоял
1712	4	1	стояла
1713	4	1	стояли
1714	4	1	строили
1715	4	1	строительный
1716	4	1	суп
1717	4	1	сфере
1718	4	1	схема
1719	4	1	счастлива
1720	4	1	счастливы
1721	4	1	считается
1722	4	1	танцевать
1723	4	1	танцпол
1724	4	1	твоего
1725	4	1	твоим
1726	4	1	тема
1727	4	1	трамвай
1728	4	1	третий
1729	4	1	третьей
1730	4	1	трое
1731	4	1	тысяча
1732	4	1	тянет
1733	4	1	тётя
1734	4	1	улучшается
1735	4	1	умный
1736	4	1	университетах
1737	4	1	университете
1738	4	1	урок
1739	4	1	уроки
1740	4	1	утро
1741	4	1	учатся
1742	4	1	учесть
1743	4	1	учила
1744	4	1	училище
1745	4	1	учить
1746	4	1	учусь
1747	4	1	фай
1748	4	1	физтех
1749	4	1	финиш
1750	4	1	фонема
1751	4	1	фразу
1752	4	1	фундук
1753	4	1	хвост
1754	4	1	хлеб
1755	4	1	хобби
1756	4	1	хорватия
1757	4	1	хорошим
1758	4	1	хотите
1759	4	1	центр
1760	4	1	цены
1761	4	1	церкви
1762	4	1	частично
1763	4	1	чгк
1764	4	1	человеку
1765	4	1	четырнадцать
1766	4	1	числе
1767	4	1	чистый
1768	4	1	чуваки
1769	4	1	чудо
1770	4	1	шикарно
1771	4	1	шутки
1772	4	1	щуку
1773	4	1	щяс
1774	4	1	этаже
1775	4	1	южной
1776	3	1	adv
1777	3	1	day
1778	3	1	gen
1779	3	1	plen
1780	3	1	августа
1781	3	1	автобусов
1782	3	1	автобусы
1783	3	1	аж
1784	3	1	амаретто
1785	3	1	английскому
1786	3	1	архитектурой
1787	3	1	атмосфера
1788	3	1	африке
1789	3	1	базовые
1790	3	1	базы
1791	3	1	балетную
1792	3	1	бар
1793	3	1	беби
1794	3	1	бедно
1795	3	1	бежит
1796	3	1	безумно
1797	3	1	белого
1798	3	1	белорусском
1799	3	1	берегу
1800	3	1	беру
1801	3	1	бесполезно
1802	3	1	библиофил
1803	3	1	бизнес
1804	3	1	билеты
1805	3	1	благо
1806	3	1	близко
1807	3	1	блять
1808	3	1	болезнь
1809	3	1	больнице
1810	3	1	большей
1811	3	1	больших
1812	3	1	брала
1813	3	1	будете
1814	3	1	буквами
1815	3	1	бэ
1816	3	1	бюджет
1817	3	1	бюллетень
1818	3	1	вагоны
1819	3	1	вайновский
1820	3	1	вами
1821	3	1	вареньем
1822	3	1	вдвоем
1823	3	1	вдоль
1824	3	1	ведёт
1825	3	1	везде
1826	3	1	везло
1827	3	1	вели
1828	3	1	вернули
1829	3	1	весна
1830	3	1	весной
1831	3	1	вести
1832	3	1	весьма
1833	3	1	вечер
1834	3	1	взрослый
1835	3	1	вижу
1836	3	1	визы
1837	3	1	викинги
1838	3	1	включал
1839	3	1	вкусно
1840	3	1	власти
1841	3	1	внизу
1842	3	1	вода
1843	3	1	воды
1844	3	1	возможность
1845	3	1	возрасте
1846	3	1	возьму
1847	3	1	войной
1848	3	1	воскресенье
1849	3	1	вошли
1850	3	1	врача
1851	3	1	временем
1852	3	1	вс
1853	3	1	всему
1854	3	1	вспомнил
1855	3	1	вспомнила
1856	3	1	встретила
1857	3	1	встретить
1858	3	1	встречают
1859	3	1	вторая
1860	3	1	вторую
1861	3	1	вчера
1862	3	1	выбрали
1863	3	1	выйдет
1864	3	1	вынуждены
1865	3	1	выполняешь
1866	3	1	высокодинамичный
1867	3	1	выступали
1868	3	1	выходным
1869	3	1	вышли
1870	3	1	вячеслав
1871	3	1	газеты
1872	3	1	героя
1873	3	1	геру
1874	3	1	геша
1875	3	1	гимназия
1876	3	1	гитару
1877	3	1	глаза
1878	3	1	глазах
1879	3	1	глухарь
1880	3	1	гм
1881	3	1	говард
1882	3	1	голосовала
1883	3	1	горбачёва
1884	3	1	городке
1885	3	1	горы
1886	3	1	готовится
1887	3	1	готовят
1888	3	1	гравитация
1889	3	1	грамм
1890	3	1	греции
1891	3	1	громче
1892	3	1	группы
1893	3	1	гуглили
1894	3	1	гуманитарный
1895	3	1	даа
1896	3	1	дает
1897	3	1	дай
1898	3	1	дал
1899	3	1	дала
1900	3	1	дали
1901	3	1	данный
1902	3	1	дачи
1903	3	1	двенадцати
1904	3	1	двигаться
1905	3	1	девяностые
1906	3	1	девяностых
1907	3	1	девятом
1908	3	1	девятьсот
1909	3	1	деда
1910	3	1	декабре
1911	3	1	декорации
1912	3	1	делить
1913	3	1	дениса
1914	3	1	держи
1915	3	1	десяти
1916	3	1	джи
1917	3	1	диалог
1918	3	1	дизайн
1919	3	1	дина
1920	3	1	длинных
1921	3	1	днк
1922	3	1	дню
1923	3	1	добираться
1924	3	1	добрый
1925	3	1	договор
1926	3	1	доехал
1927	3	1	доехало
1928	3	1	долларов
1929	3	1	домики
1930	3	1	дорога
1931	3	1	дочерью
1932	3	1	другая
1933	3	1	другими
1934	3	1	другу
1935	3	1	душе
1936	3	1	евреев
1937	3	1	европы
1938	3	1	еды
1939	3	1	еле
1940	3	1	ельцин
1941	3	1	жалко
1942	3	1	жаль
1943	3	1	желания
1944	3	1	жена
1945	3	1	женский
1946	3	1	женщин
1947	3	1	живет
1948	3	1	жителей
1949	3	1	забивается
1950	3	1	зависит
1951	3	1	заговора
1952	3	1	задачи
1953	3	1	задают
1954	3	1	заканчиваются
1955	3	1	залезали
1956	3	1	замуж
1957	3	1	занимаешься
1958	3	1	занимались
1959	3	1	зарплата
1960	3	1	заставили
1961	3	1	затащит
1962	3	1	захожу
1963	3	1	захотелось
1964	3	1	зашла
1965	3	1	зашёл
1966	3	1	звучало
1967	3	1	звучит
1968	3	1	здание
1969	3	1	землю
1970	3	1	зерно
1971	3	1	зубы
1972	3	1	играешь
1973	3	1	играла
1974	3	1	игры
1975	3	1	идея
1976	3	1	иди
1977	3	1	идёте
1978	3	1	идёшь
1979	3	1	извините
1980	3	1	издание
1981	3	1	изменяющийся
1982	3	1	изо
1983	3	1	ими
1984	3	1	иностранцев
1985	3	1	инструменте
1986	3	1	интересное
1987	3	1	исламской
1988	3	1	использоваться
1989	3	1	используют
1990	3	1	испугались
1991	3	1	кабардино
1992	3	1	каждое
1993	3	1	каждые
1994	3	1	казахов
1995	3	1	календарь
1996	3	1	каникулы
1997	3	1	карла
1998	3	1	картинке
1999	3	1	каталке
2000	3	1	категории
2001	3	1	католическую
2002	3	1	кино
2003	3	1	кита
2004	3	1	клара
2005	3	1	клары
2006	3	1	классный
2007	3	1	клетке
2008	3	1	клуб
2009	3	1	клубе
2010	3	1	клюшкой
2011	3	1	коже
2012	3	1	количество
2013	3	1	коллективе
2014	3	1	комната
2015	3	1	компанию
2016	3	1	конец
2017	3	1	конечном
2018	3	1	конкретно
2019	3	1	концов
2020	3	1	кораллы
2021	3	1	корма
2022	3	1	кормить
2023	3	1	короткие
2024	3	1	космоса
2025	3	1	косточки
2026	3	1	костре
2027	3	1	костёр
2028	3	1	которому
2029	3	1	которыми
2030	3	1	край
2031	3	1	кран
2032	3	1	красивая
2033	3	1	красные
2034	3	1	красота
2035	3	1	кровь
2036	3	1	круче
2037	3	1	культпросвет
2038	3	1	куски
2039	3	1	леди
2040	3	1	лежать
2041	3	1	лен
2042	3	1	ленина
2043	3	1	лес
2044	3	1	лето
2045	3	1	лида
2046	3	1	лиза
2047	3	1	литературной
2048	3	1	литературы
2049	3	1	лицо
2050	3	1	луком
2051	3	1	лучшее
2052	3	1	любви
2053	3	1	любимое
2054	3	1	любого
2055	3	1	люси
2056	3	1	максим
2057	3	1	маленьких
2058	3	1	маленькой
2059	3	1	малыши
2060	3	1	мам
2061	3	1	маргарита
2062	3	1	математику
2063	3	1	мацуева
2064	3	1	машей
2065	3	1	мгу
2066	3	1	медведково
2067	3	1	медведь
2068	3	1	меж
2069	3	1	меняться
2070	3	1	мест
2071	3	1	миэм
2072	3	1	мкадом
2073	3	1	ммммм
2074	3	1	мнение
2075	3	1	могло
2076	3	1	моем
2077	3	1	молодости
2078	3	1	молодые
2079	3	1	молодых
2080	3	1	московской
2081	3	1	мою
2082	3	1	моё
2083	3	1	музыка
2084	3	1	музыкальной
2085	3	1	музыкант
2086	3	1	музыканты
2087	3	1	музыке
2088	3	1	мультика
2089	3	1	муху
2090	3	1	мучились
2091	3	1	мыть
2092	3	1	мяса
2093	3	1	набираешь
2094	3	1	набрал
2095	3	1	набрали
2096	3	1	надел
2097	3	1	название
2098	3	1	назвать
2099	3	1	называлась
2100	3	1	называли
2101	3	1	называют
2102	3	1	называются
2103	3	1	наконец
2104	3	1	налаживается
2105	3	1	налима
2106	3	1	написал
2107	3	1	написать
2108	3	1	нарисовала
2109	3	1	натуральный
2110	3	1	наука
2111	3	1	научился
2112	3	1	нафиг
2113	3	1	находится
2114	3	1	находиться
2115	3	1	национальное
2116	3	1	начиная
2117	3	1	нашел
2118	3	1	нашим
2119	3	1	небольшая
2120	3	1	неделя
2121	3	1	нееет
2122	3	1	некий
2123	3	1	некоторое
2124	3	1	некоторых
2125	3	1	немножечко
2126	3	1	ненавидишь
2127	3	1	ненадежность
2128	3	1	никакого
2129	3	1	нихуя
2130	3	1	новостей
2131	3	1	новости
2132	3	1	ногами
2133	3	1	ноги
2134	3	1	ножом
2135	3	1	нормальные
2136	3	1	ночи
2137	3	1	образ
2138	3	1	образовательной
2139	3	1	обсуждают
2140	3	1	общаемся
2141	3	1	обществознанию
2142	3	1	одиннадцатого
2143	3	1	одиннадцатом
2144	3	1	одноклассников
2145	3	1	окна
2146	3	1	оператором
2147	3	1	описание
2148	3	1	определённого
2149	3	1	организации
2150	3	1	орешков
2151	3	1	ослик
2152	3	1	основной
2153	3	1	оставил
2154	3	1	оставила
2155	3	1	остров
2156	3	1	отапливались
2157	3	1	ответил
2158	3	1	ответы
2159	3	1	отглоссированная
2160	3	1	отдал
2161	3	1	отдали
2162	3	1	отдыхал
2163	3	1	отель
2164	3	1	открытые
2165	3	1	откуда
2166	3	1	отрезать
2167	3	1	отсюда
2168	3	1	отца
2169	3	1	отцом
2170	3	1	ох
2171	3	1	охоту
2172	3	1	ошейник
2173	3	1	ошибки
2174	3	1	пакет
2175	3	1	пальцы
2176	3	1	парик
2177	3	1	парней
2178	3	1	парнем
2179	3	1	парни
2180	3	1	парнями
2181	3	1	паспорт
2182	3	1	пауза
2183	3	1	пацаны
2184	3	1	первые
2185	3	1	перевод
2186	3	1	переводе
2187	3	1	переменам
2188	3	1	перестройка
2189	3	1	период
2190	3	1	персидский
2191	3	1	песне
2192	3	1	песню
2193	3	1	песня
2194	3	1	пианино
2195	3	1	пиздец
2196	3	1	питаться
2197	3	1	пишу
2198	3	1	плавал
2199	3	1	плавать
2200	3	1	планета
2201	3	1	планы
2202	3	1	платок
2203	3	1	платьях
2204	3	1	площадке
2205	3	1	площадь
2206	3	1	плыли
2207	3	1	пнуть
2208	3	1	побывать
2209	3	1	повели
2210	3	1	повороте
2211	3	1	погода
2212	3	1	подарили
2213	3	1	поддерживать
2214	3	1	подобного
2215	3	1	подошёл
2216	3	1	подряд
2217	3	1	подходит
2218	3	1	подходят
2219	3	1	поезд
2220	3	1	поехало
2221	3	1	позвонить
2222	3	1	показывают
2223	3	1	покупки
2224	3	1	полдесятого
2225	3	1	полминуты
2226	3	1	полная
2227	3	1	полные
2228	3	1	половине
2229	3	1	положении
2230	3	1	положил
2231	3	1	положили
2232	3	1	получать
2233	3	1	получила
2234	3	1	польские
2235	3	1	польского
2236	3	1	польском
2237	3	1	понедельник
2238	3	1	понимаете
2239	3	1	понимала
2240	3	1	понимать
2241	3	1	понять
2242	3	1	поперек
2243	3	1	попробовал
2244	3	1	попытался
2245	3	1	порог
2246	3	1	послушать
2247	3	1	посмотрели
2248	3	1	посмотрим
2249	3	1	поставили
2250	3	1	постарше
2251	3	1	посёлок
2252	3	1	потихоньку
2253	3	1	потопала
2254	3	1	потрясающе
2255	3	1	похоже
2256	3	1	похожи
2257	3	1	похота
2258	3	1	почаще
2259	3	1	появилась
2260	3	1	появился
2261	3	1	правил
2262	3	1	правосудия
2263	3	1	представить
2264	3	1	представление
2265	3	1	представляет
2266	3	1	представляете
2267	3	1	президент
2268	3	1	привезли
2269	3	1	привозили
2270	3	1	приглашение
2271	3	1	придумал
2272	3	1	приедет
2273	3	1	приезжали
2274	3	1	приехала
2275	3	1	пример
2276	3	1	приходишь
2277	3	1	причин
2278	3	1	приятный
2279	3	1	провансе
2280	3	1	проводили
2281	3	1	программа
2282	3	1	программе
2283	3	1	программу
2284	3	1	программы
2285	3	1	продолжаем
2286	3	1	продукт
2287	3	1	проект
2288	3	1	прожили
2289	3	1	произведения
2290	3	1	происходило
2291	3	1	проснулась
2292	3	1	проста
2293	3	1	просыпаюсь
2294	3	1	противно
2295	3	1	профессию
2296	3	1	проходили
2297	3	1	процесс
2298	3	1	прочитал
2299	3	1	прочитала
2300	3	1	прочитать
2301	3	1	прошла
2302	3	1	птичка
2303	3	1	путешествовать
2304	3	1	пути
2305	3	1	работаешь
2306	3	1	работали
2307	3	1	работаю
2308	3	1	работают
2309	3	1	радоваться
2310	3	1	радость
2311	3	1	развивать
2312	3	1	развлечений
2313	3	1	разговаривала
2314	3	1	разговаривали
2315	3	1	разными
2316	3	1	разу
2317	3	1	рап
2318	3	1	распределили
2319	3	1	распутывай
2320	3	1	рассказал
2321	3	1	рассказали
2322	3	1	рассказывает
2323	3	1	расширилась
2324	3	1	ребенка
2325	3	1	реклама
2326	3	1	ремонте
2327	3	1	республики
2328	3	1	решать
2329	3	1	рис
2330	3	1	родился
2331	3	1	родителями
2332	3	1	родственники
2333	3	1	романа
2334	3	1	рорк
2335	3	1	россия
2336	3	1	рот
2337	3	1	рубежом
2338	3	1	ругался
2339	3	1	рук
2340	3	1	руку
2341	3	1	руси
2342	3	1	русской
2343	3	1	рыбалку
2344	3	1	рыбки
2345	3	1	сайты
2346	3	1	самим
2347	3	1	самокат
2348	3	1	самостоятельная
2349	3	1	самостоятельно
2350	3	1	сантехника
2351	3	1	свага
2352	3	1	свидания
2353	3	1	свободный
2354	3	1	своего
2355	3	1	сдавать
2356	3	1	сделала
2357	3	1	северного
2358	3	1	сели
2359	3	1	семи
2360	3	1	семнадцать
2361	3	1	семьёй
2362	3	1	сентября
2363	3	1	середине
2364	3	1	серии
2365	3	1	сидеть
2366	3	1	сидишь
2367	3	1	силы
2368	3	1	симферополь
2369	3	1	ситуацию
2370	3	1	скажет
2371	3	1	скайпу
2372	3	1	следят
2373	3	1	слезу
2374	3	1	словению
2375	3	1	сложный
2376	3	1	случайно
2377	3	1	слушать
2378	3	1	смайлики
2379	3	1	смешной
2380	3	1	смешные
2381	3	1	смог
2382	3	1	смотрели
2383	3	1	смотрит
2384	3	1	смотришь
2385	3	1	смс
2386	3	1	сна
2387	3	1	снег
2388	3	1	снимаем
2389	3	1	собирается
2390	3	1	собирались
2391	3	1	соглашается
2392	3	1	сомнений
2393	3	1	социальных
2394	3	1	союза
2395	3	1	союзный
2396	3	1	спорт
2397	3	1	спрашивала
2398	3	1	спросили
2399	3	1	сравнивать
2400	3	1	среде
2401	3	1	ставить
2402	3	1	стажировка
2403	3	1	стандарты
2404	3	1	стараюсь
2405	3	1	старая
2406	3	1	старших
2407	3	1	стафилококк
2408	3	1	стекла
2409	3	1	стенки
2410	3	1	стену
2411	3	1	степени
2412	3	1	степнова
2413	3	1	стихами
2414	3	1	стол
2415	3	1	столе
2416	3	1	столовая
2417	3	1	стоп
2418	3	1	странах
2419	3	1	страшный
2420	3	1	строил
2421	3	1	судья
2422	3	1	суток
2423	3	1	существует
2424	3	1	счет
2425	3	1	считаешь
2426	3	1	считай
2427	3	1	считалось
2428	3	1	считают
2429	3	1	сша
2430	3	1	съездила
2431	3	1	съездить
2432	3	1	съехать
2433	3	1	съешь
2434	3	1	сюжет
2435	3	1	таймера
2436	3	1	такими
2437	3	1	таланта
2438	3	1	ташкенте
2439	3	1	тегеран
2440	3	1	тела
2441	3	1	телевизор
2442	3	1	телевизору
2443	3	1	телефоне
2444	3	1	телефоном
2445	3	1	телефону
2446	3	1	тело
2447	3	1	теме
2448	3	1	теории
2449	3	1	тепло
2450	3	1	тихий
2451	3	1	тихон
2452	3	1	товарищ
2453	3	1	товарищем
2454	3	1	томской
2455	3	1	топовые
2456	3	1	торчат
2457	3	1	трамваях
2458	3	1	требует
2459	3	1	тупо
2460	3	1	тяжёлое
2461	3	1	увидите
2462	3	1	удовольствием
2463	3	1	уехала
2464	3	1	узнала
2465	3	1	узнать
2466	3	1	украл
2467	3	1	улучшалось
2468	3	1	ультрафиолет
2469	3	1	умеешь
2470	3	1	умею
2471	3	1	умная
2472	3	1	упал
2473	3	1	упала
2474	3	1	ура
2475	3	1	условно
2476	3	1	успел
2477	3	1	успели
2478	3	1	утиль
2479	3	1	уходит
2480	3	1	участвует
2481	3	1	учебу
2482	3	1	учебы
2483	3	1	ученика
2484	3	1	учёбы
2485	3	1	уэльсом
2486	3	1	фабрики
2487	3	1	факты
2488	3	1	факультет
2489	3	1	фасада
2490	3	1	фиг
2491	3	1	фигня
2492	3	1	формат
2493	3	1	фу
2494	3	1	хаос
2495	3	1	ходит
2496	3	1	хожу
2497	3	1	хорватию
2498	3	1	хорошую
2499	3	1	хуже
2500	3	1	ц
2501	3	1	цель
2502	3	1	частенько
2503	3	1	черные
2504	3	1	черный
2505	3	1	черт
2506	3	1	честь
2507	3	1	четвёртом
2508	3	1	чистым
2509	3	1	читала
2510	3	1	читают
2511	3	1	чувствую
2512	3	1	чукотского
2513	3	1	шестисотый
2514	3	1	шипы
2515	3	1	шла
2516	3	1	шоу
2517	3	1	штуки
2518	3	1	щёчку
2519	3	1	экстерьер
2520	3	1	этими
2521	3	1	ээээ
2522	3	1	явления
2523	3	1	языках
2524	3	1	языки
2525	3	1	языку
2526	2	1	anim
2527	2	1	burning
2528	2	1	city
2529	2	1	comp
2530	2	1	conj
2531	2	1	crocus
2532	2	1	ctrl
2533	2	1	deal
2534	2	1	elle
2535	2	1	excel
2536	2	1	it
2537	2	1	kinder
2538	2	1	paypal
2539	2	1	people
2540	2	1	sorry
2541	2	1	the
2542	2	1	true
2543	2	1	v
2544	2	1	vivat
2545	2	1	walrus
2546	2	1	with
2547	2	1	аааа
2548	2	1	аааааа
2549	2	1	ааам
2550	2	1	аах
2551	2	1	августе
2552	2	1	автоматически
2553	2	1	администрации
2554	2	1	азербайджана
2555	2	1	айфоне
2556	2	1	академия
2557	2	1	актрисой
2558	2	1	акулы
2559	2	1	акцентом
2560	2	1	американские
2561	2	1	американской
2562	2	1	американца
2563	2	1	анализировать
2564	2	1	ангаре
2565	2	1	английски
2566	2	1	антифриза
2567	2	1	аргументы
2568	2	1	арестовать
2569	2	1	арийский
2570	2	1	армии
2571	2	1	армию
2572	2	1	артур
2573	2	1	архитектор
2574	2	1	архитекторе
2575	2	1	архитектуру
2576	2	1	атлант
2577	2	1	аудитории
2578	2	1	афон
2579	2	1	ах
2580	2	1	бабули
2581	2	1	бабуль
2582	2	1	бабушке
2583	2	1	базируется
2584	2	1	баку
2585	2	1	батареи
2586	2	1	бегать
2587	2	1	бегаю
2588	2	1	бегают
2589	2	1	бежать
2590	2	1	белое
2591	2	1	белорусский
2592	2	1	белорусского
2593	2	1	белорусскую
2594	2	1	беседовать
2595	2	1	бесит
2596	2	1	бестселлером
2597	2	1	беш
2598	2	1	библиография
2599	2	1	бильярдном
2600	2	1	бильярдный
2601	2	1	биологии
2602	2	1	благодаря
2603	2	1	близка
2604	2	1	близких
2605	2	1	блина
2606	2	1	бок
2607	2	1	болит
2608	2	1	болото
2609	2	1	больницу
2610	2	1	больной
2611	2	1	большинстве
2612	2	1	бомбы
2613	2	1	бомжами
2614	2	1	бон
2615	2	1	бочоночек
2616	2	1	боялась
2617	2	1	брата
2618	2	1	братом
2619	2	1	бред
2620	2	1	брейкданс
2621	2	1	бровью
2622	2	1	бросит
2623	2	1	брюшной
2624	2	1	будням
2625	2	1	будучи
2626	2	1	будущее
2627	2	1	букву
2628	2	1	булки
2629	2	1	бульдогов
2630	2	1	бумажки
2631	2	1	бух
2632	2	1	бывали
2633	2	1	быков
2634	2	1	былo
2635	2	1	быстрее
2636	2	1	быстренько
2637	2	1	быстрого
2638	2	1	бюджета
2639	2	1	ваз
2640	2	1	вакуум
2641	2	1	валенки
2642	2	1	валерия
2643	2	1	варьируется
2644	2	1	варят
2645	2	1	варятся
2646	2	1	ваш
2647	2	1	вдали
2648	2	1	вдова
2649	2	1	ведьма
2650	2	1	век
2651	2	1	веке
2652	2	1	веков
2653	2	1	великая
2654	2	1	велл
2655	2	1	велосипед
2656	2	1	велосипеде
2657	2	1	вера
2658	2	1	верил
2659	2	1	верить
2660	2	1	вернулась
2661	2	1	вернулись
2662	2	1	вернуть
2663	2	1	вертолета
2664	2	1	веруешь
2665	2	1	верую
2666	2	1	ветра
2667	2	1	вечернюю
2668	2	1	вещами
2669	2	1	взаимоотношений
2670	2	1	взаимоотношения
2671	2	1	вздох
2672	2	1	взрослые
2673	2	1	взрослых
2674	2	1	виде
2675	2	1	видели
2676	2	1	викторию
2677	2	1	виктория
2678	2	1	викторовна
2679	2	1	виталина
2680	2	1	вкрутую
2681	2	1	вкусная
2682	2	1	вкусные
2683	2	1	вкусом
2684	2	1	влага
2685	2	1	владелец
2686	2	1	влияние
2687	2	1	влюбилась
2688	2	1	влюбиться
2689	2	1	вначале
2690	2	1	вне
2691	2	1	внешний
2692	2	1	внутри
2693	2	1	вовремя
2694	2	1	воде
2695	2	1	водитель
2696	2	1	водку
2697	2	1	военкомат
2698	2	1	военник
2699	2	1	военной
2700	2	1	военный
2701	2	1	воз
2702	2	1	возвращали
2703	2	1	воздухе
2704	2	1	возили
2705	2	1	возились
2706	2	1	возьмут
2707	2	1	война
2708	2	1	войны
2709	2	1	волны
2710	2	1	вон
2711	2	1	вообщем
2712	2	1	восемьсот
2713	2	1	воспитатели
2714	2	1	воспитывать
2715	2	1	воспользоваться
2716	2	1	восхищаюсь
2717	2	1	вощем
2718	2	1	вперед
2719	2	1	впечатления
2720	2	1	времена
2721	2	1	вслепую
2722	2	1	вспоминаю
2723	2	1	вспомним
2724	2	1	вспомнить
2725	2	1	вставать
2726	2	1	встретили
2727	2	1	встречу
2728	2	1	вступился
2729	2	1	всякую
2730	2	1	втроём
2731	2	1	вуз
2732	2	1	выбирали
2733	2	1	выбирать
2734	2	1	выбрала
2735	2	1	выбрасывала
2736	2	1	выглядываю
2737	2	1	выдали
2738	2	1	выживать
2739	2	1	вызывает
2740	2	1	выкатили
2741	2	1	выключить
2742	2	1	вылажу
2743	2	1	вылезешь
2744	2	1	выполнять
2745	2	1	выпускном
2746	2	1	выражение
2747	2	1	выразить
2748	2	1	высоком
2749	2	1	выстоял
2750	2	1	высшем
2751	2	1	вытянута
2752	2	1	выхино
2753	2	1	выходил
2754	2	1	выходили
2755	2	1	выходишь
2756	2	1	выходят
2757	2	1	выше
2758	2	1	вышка
2759	2	1	вышку
2760	2	1	галина
2761	2	1	галлюцинации
2762	2	1	ганнибалом
2763	2	1	гарантии
2764	2	1	гарри
2765	2	1	гауссом
2766	2	1	география
2767	2	1	гера
2768	2	1	героев
2769	2	1	гик
2770	2	1	гильдии
2771	2	1	гильдия
2772	2	1	гитлера
2773	2	1	главной
2774	2	1	главный
2775	2	1	глаз
2776	2	1	глазки
2777	2	1	гласность
2778	2	1	глубоко
2779	2	1	глухаря
2780	2	1	годах
2781	2	1	годен
2782	2	1	годовщина
2783	2	1	головой
2784	2	1	гончарная
2785	2	1	городов
2786	2	1	городом
2787	2	1	горячая
2788	2	1	государства
2789	2	1	государственный
2790	2	1	готова
2791	2	1	готовилась
2792	2	1	готовитесь
2793	2	1	граблями
2794	2	1	гражданский
2795	2	1	границей
2796	2	1	грим
2797	2	1	громкой
2798	2	1	грузины
2799	2	1	групп
2800	2	1	группам
2801	2	1	гто
2802	2	1	губы
2803	2	1	гуглить
2804	2	1	гуляет
2805	2	1	гуманитариями
2806	2	1	гэ
2807	2	1	давала
2808	2	1	даем
2809	2	1	дак
2810	2	1	дальнейшем
2811	2	1	дании
2812	2	1	данном
2813	2	1	датский
2814	2	1	даёт
2815	2	1	двадцатого
2816	2	1	дверью
2817	2	1	двое
2818	2	1	двойником
2819	2	1	девочек
2820	2	1	девочкам
2821	2	1	девушка
2822	2	1	девушкам
2823	2	1	девушки
2824	2	1	девушкой
2825	2	1	девчонка
2826	2	1	дедушки
2827	2	1	дедушку
2828	2	1	действие
2829	2	1	делается
2830	2	1	делится
2831	2	1	деньгами
2832	2	1	десантники
2833	2	1	дескать
2834	2	1	деталей
2835	2	1	деталь
2836	2	1	детективы
2837	2	1	детишек
2838	2	1	детский
2839	2	1	детской
2840	2	1	детском
2841	2	1	джейми
2842	2	1	джинсы
2843	2	1	дзержинский
2844	2	1	дианка
2845	2	1	диване
2846	2	1	дивизию
2847	2	1	дик
2848	2	1	дико
2849	2	1	дипломная
2850	2	1	директором
2851	2	1	дк
2852	2	1	дне
2853	2	1	днями
2854	2	1	добавляет
2855	2	1	добираемся
2856	2	1	добра
2857	2	1	добрая
2858	2	1	доказательств
2859	2	1	доктор
2860	2	1	долгая
2861	2	1	долгое
2862	2	1	должности
2863	2	1	домашку
2864	2	1	домашней
2865	2	1	доменом
2866	2	1	домофон
2867	2	1	дорабатывают
2868	2	1	дороги
2869	2	1	дорого
2870	2	1	дорогу
2871	2	1	доске
2872	2	1	доставкой
2873	2	1	достает
2874	2	1	достижение
2875	2	1	достижением
2876	2	1	достопримечательности
2877	2	1	досуге
2878	2	1	дотянули
2879	2	1	дрожал
2880	2	1	дружила
2881	2	1	думаем
2882	2	1	думаете
2883	2	1	думать
2884	2	1	дух
2885	2	1	дэнсингом
2886	2	1	ебая
2887	2	1	еврейский
2888	2	1	еда
2889	2	1	едешь
2890	2	1	единую
2891	2	1	едят
2892	2	1	ездишь
2893	2	1	езды
2894	2	1	ездят
2895	2	1	ели
2896	2	1	елкой
2897	2	1	ерунду
2898	2	1	ес
2899	2	1	естественным
2900	2	1	ешьте
2901	2	1	жаргоном
2902	2	1	жареный
2903	2	1	ждали
2904	2	1	желаниям
2905	2	1	жеребчики
2906	2	1	живем
2907	2	1	живое
2908	2	1	живой
2909	2	1	животных
2910	2	1	жиза
2911	2	1	жизненную
2912	2	1	жизнью
2913	2	1	жилья
2914	2	1	жору
2915	2	1	журнал
2916	2	1	забавно
2917	2	1	забрать
2918	2	1	забывают
2919	2	1	заведение
2920	2	1	заведении
2921	2	1	завели
2922	2	1	завидово
2923	2	1	заводы
2924	2	1	завтракали
2925	2	1	завязан
2926	2	1	заглохнет
2927	2	1	загорела
2928	2	1	задаете
2929	2	1	задали
2930	2	1	задаю
2931	2	1	задние
2932	2	1	зажигалки
2933	2	1	зажигательная
2934	2	1	заимка
2935	2	1	заимки
2936	2	1	заказчика
2937	2	1	заканчивается
2938	2	1	заканчивая
2939	2	1	закон
2940	2	1	закончить
2941	2	1	закуривает
2942	2	1	зал
2943	2	1	залез
2944	2	1	залезть
2945	2	1	заливается
2946	2	1	заманчиво
2947	2	1	заметить
2948	2	1	заметно
2949	2	1	замечательная
2950	2	1	замечательные
2951	2	1	замок
2952	2	1	замотал
2953	2	1	занос
2954	2	1	заняло
2955	2	1	занят
2956	2	1	занятие
2957	2	1	занятости
2958	2	1	заняться
2959	2	1	заодно
2960	2	1	западная
2961	2	1	запах
2962	2	1	запипикаешь
2963	2	1	записала
2964	2	1	записывает
2965	2	1	запоминанием
2966	2	1	запомнилось
2967	2	1	запомнился
2968	2	1	запятую
2969	2	1	зарабатывать
2970	2	1	зарплату
2971	2	1	зарубежная
2972	2	1	заставляла
2973	2	1	заходит
2974	2	1	заходите
2975	2	1	заходить
2976	2	1	захочешь
2977	2	1	зачёт
2978	2	1	звонит
2979	2	1	здоровья
2980	2	1	здравствуйте
2981	2	1	зеленоград
2982	2	1	земля
2983	2	1	зима
2984	2	1	зимнее
2985	2	1	злой
2986	2	1	знаки
2987	2	1	знакомый
2988	2	1	знакомых
2989	2	1	зря
2990	2	1	играют
2991	2	1	идеальная
2992	2	1	идеальный
2993	2	1	идиотские
2994	2	1	избранное
2995	2	1	известность
2996	2	1	известным
2997	2	1	известных
2998	2	1	изменения
2999	2	1	измени
3000	2	1	изолентой
3001	2	1	изучаем
3002	2	1	изучали
3003	2	1	изучают
3004	2	1	изучающих
3005	2	1	ильича
3006	2	1	имели
3007	2	1	имущества
3008	2	1	инженеры
3009	2	1	иностранных
3010	2	1	иностранца
3011	2	1	инстаграм
3012	2	1	института
3013	2	1	интересны
3014	2	1	интересует
3015	2	1	интересы
3016	2	1	информацию
3017	2	1	иранской
3018	2	1	ирландию
3019	2	1	искали
3020	2	1	исполнилось
3021	2	1	использовали
3022	2	1	используя
3023	2	1	испугалась
3024	2	1	ист
3025	2	1	источник
3026	2	1	исфахан
3027	2	1	исчезли
3028	2	1	итальянцев
3029	2	1	йогурт
3030	2	1	кабинета
3031	2	1	каблуки
3032	2	1	кавказе
3033	2	1	казахский
3034	2	1	какашка
3035	2	1	какому
3036	2	1	какочка
3037	2	1	камера
3038	2	1	кантемировской
3039	2	1	капуста
3040	2	1	капусты
3041	2	1	капюшон
3042	2	1	карандаш
3043	2	1	карты
3044	2	1	карьер
3045	2	1	касается
3046	2	1	каталку
3047	2	1	кататься
3048	2	1	категория
3049	2	1	киргизов
3050	2	1	клала
3051	2	1	классная
3052	2	1	классом
3053	2	1	классу
3054	2	1	классы
3055	2	1	клиент
3056	2	1	клиентов
3057	2	1	клиенты
3058	2	1	клуба
3059	2	1	клубам
3060	2	1	клюшке
3061	2	1	книгой
3062	2	1	книжка
3063	2	1	книжки
3064	2	1	книжку
3065	2	1	кодируется
3066	2	1	кое
3067	2	1	кожура
3068	2	1	козюльки
3069	2	1	коллажиком
3070	2	1	колокольчик
3071	2	1	колоссальная
3072	2	1	колпашево
3073	2	1	команда
3074	2	1	команды
3075	2	1	комбинезоны
3076	2	1	комедия
3077	2	1	компания
3078	2	1	комплектующие
3079	2	1	компьютерные
3080	2	1	компьютером
3081	2	1	конкуренция
3082	2	1	консерватории
3083	2	1	конструктор
3084	2	1	контр
3085	2	1	контрольная
3086	2	1	конфетка
3087	2	1	конфеток
3088	2	1	конфету
3089	2	1	конца
3090	2	1	концерте
3091	2	1	кончает
3092	2	1	кончила
3093	2	1	кооперативы
3094	2	1	корабль
3095	2	1	корзина
3096	2	1	кормили
3097	2	1	короткая
3098	2	1	корпуса
3099	2	1	космос
3100	2	1	косплееры
3101	2	1	костюм
3102	2	1	котик
3103	2	1	котов
3104	2	1	кошак
3105	2	1	кошек
3106	2	1	красивых
3107	2	1	красноярск
3108	2	1	красноярский
3109	2	1	красоту
3110	2	1	красоты
3111	2	1	крестить
3112	2	1	кровати
3113	2	1	кровать
3114	2	1	круг
3115	2	1	кружку
3116	2	1	кружочек
3117	2	1	крупную
3118	2	1	кукол
3119	2	1	культурно
3120	2	1	культурное
3121	2	1	культуру
3122	2	1	купаться
3123	2	1	купаюсь
3124	2	1	купите
3125	2	1	куплю
3126	2	1	кур
3127	2	1	курс
3128	2	1	курсы
3129	2	1	курт
3130	2	1	куртку
3131	2	1	кухне
3132	2	1	куче
3133	2	1	кучи
3134	2	1	кушать
3135	2	1	кушетке
3136	2	1	кушетки
3137	2	1	лавировали
3138	2	1	лает
3139	2	1	лапшу
3140	2	1	легких
3141	2	1	лежал
3142	2	1	лежит
3143	2	1	лежу
3144	2	1	лектором
3145	2	1	лениво
3146	2	1	леплю
3147	2	1	лепят
3148	2	1	леса
3149	2	1	летний
3150	2	1	лилий
3151	2	1	лимончик
3152	2	1	лингвистики
3153	2	1	лингвистических
3154	2	1	листаю
3155	2	1	листовка
3156	2	1	листочки
3157	2	1	литературного
3158	2	1	литературном
3159	2	1	литературные
3160	2	1	лице
3161	2	1	лицее
3162	2	1	лицей
3163	2	1	личность
3164	2	1	лишнего
3165	2	1	логистики
3166	2	1	ломится
3167	2	1	лонге
3168	2	1	лучок
3169	2	1	лучшие
3170	2	1	лучшим
3171	2	1	лучших
3172	2	1	любимая
3173	2	1	любимые
3174	2	1	любому
3175	2	1	любые
3176	2	1	лёгкий
3177	2	1	лёша
3178	2	1	магазины
3179	2	1	магистратуру
3180	2	1	макароны
3181	2	1	максимум
3182	2	1	маленькое
3183	2	1	маленьком
3184	2	1	мальчика
3185	2	1	мальчишка
3186	2	1	мамы
3187	2	1	манера
3188	2	1	маслом
3189	2	1	масса
3190	2	1	массандра
3191	2	1	мастер
3192	2	1	математик
3193	2	1	математическая
3194	2	1	математическую
3195	2	1	матери
3196	2	1	матчей
3197	2	1	машинист
3198	2	1	медицинском
3199	2	1	мелким
3200	2	1	мелкой
3201	2	1	мелодию
3202	2	1	меломан
3203	2	1	мемах
3204	2	1	менеджером
3205	2	1	меняли
3206	2	1	менялись
3207	2	1	менялось
3208	2	1	менять
3209	2	1	мертв
3210	2	1	метал
3211	2	1	метафора
3212	2	1	метра
3213	2	1	мечтал
3214	2	1	мечтала
3215	2	1	мечтать
3216	2	1	мешают
3217	2	1	мешками
3218	2	1	милые
3219	2	1	мира
3220	2	1	мире
3221	2	1	мммм
3222	2	1	мно
3223	2	1	могилу
3224	2	1	мозг
3225	2	1	молодёжь
3226	2	1	молчала
3227	2	1	молчит
3228	2	1	монахи
3229	2	1	монитор
3230	2	1	монтаж
3231	2	1	морализаторское
3232	2	1	морковку
3233	2	1	морю
3234	2	1	моря
3235	2	1	моряком
3236	2	1	москвариуме
3237	2	1	москвичи
3238	2	1	мужчины
3239	2	1	мультфильмы
3240	2	1	муся
3241	2	1	мух
3242	2	1	мучительно
3243	2	1	мыли
3244	2	1	мысли
3245	2	1	мысль
3246	2	1	мягкие
3247	2	1	мягкий
3248	2	1	мягко
3249	2	1	набор
3250	2	1	наверняка
3251	2	1	наверху
3252	2	1	навыки
3253	2	1	наглого
3254	2	1	наглый
3255	2	1	надевали
3256	2	1	надеемся
3257	2	1	надеть
3258	2	1	надкусанный
3259	2	1	надписью
3260	2	1	назвал
3261	2	1	названием
3262	2	1	названия
3263	2	1	называть
3264	2	1	наира
3265	2	1	наклеены
3266	2	1	наклоняй
3267	2	1	накопить
3268	2	1	намордник
3269	2	1	напоминает
3270	2	1	направлению
3271	2	1	напросто
3272	2	1	наравне
3273	2	1	нарисовано
3274	2	1	насесты
3275	2	1	наступила
3276	2	1	наташа
3277	2	1	находились
3278	2	1	нахождения
3279	2	1	национальности
3280	2	1	национальным
3281	2	1	началу
3282	2	1	начинаем
3283	2	1	начинала
3284	2	1	начиналось
3285	2	1	начну
3286	2	1	нашими
3287	2	1	нда
3288	2	1	небольших
3289	2	1	небольшое
3290	2	1	небольшой
3291	2	1	невесомости
3292	2	1	неделе
3293	2	1	нежели
3294	2	1	незаметно
3295	2	1	незнайку
3296	2	1	некрасивый
3297	2	1	немцем
3298	2	1	нео
3299	2	1	необходимые
3300	2	1	неожиданно
3301	2	1	неплохая
3302	2	1	непосредственно
3303	2	1	неправда
3304	2	1	неприятно
3305	2	1	нерпы
3306	2	1	несут
3307	2	1	нечасто
3308	2	1	нечто
3309	2	1	неясность
3310	2	1	никитой
3311	2	1	николай
3312	2	1	нисколько
3313	2	1	нифига
3314	2	1	ницше
3315	2	1	ничем
3316	2	1	новички
3317	2	1	новое
3318	2	1	новой
3319	2	1	новосибирска
3320	2	1	новостях
3321	2	1	нога
3322	2	1	ногу
3323	2	1	норма
3324	2	1	нормальных
3325	2	1	ночевали
3326	2	1	нравились
3327	2	1	нравиться
3328	2	1	нэй
3329	2	1	обгорела
3330	2	1	обеда
3331	2	1	обещают
3332	2	1	обидно
3333	2	1	обижаться
3334	2	1	область
3335	2	1	обморок
3336	2	1	обо
3337	2	1	образованием
3338	2	1	обстоятельства
3339	2	1	обучения
3340	2	1	общаге
3341	2	1	общаюсь
3342	2	1	общаются
3343	2	1	общего
3344	2	1	общения
3345	2	1	обществе
3346	2	1	обществознание
3347	2	1	общительные
3348	2	1	объясняла
3349	2	1	обыкновению
3350	2	1	обычная
3351	2	1	обычных
3352	2	1	ограничено
3353	2	1	одеваться
3354	2	1	одинаково
3355	2	1	одинаковыми
3356	2	1	одинокая
3357	2	1	одним
3358	2	1	одноклассники
3359	2	1	одному
3360	2	1	ожидает
3361	2	1	ожидал
3362	2	1	ожидала
3363	2	1	озеру
3364	2	1	окончания
3365	2	1	окопов
3366	2	1	окуня
3367	2	1	олимпиады
3368	2	1	оооб
3369	2	1	оп
3370	2	1	опа
3371	2	1	опаздывать
3372	2	1	опоздать
3373	2	1	определенные
3374	2	1	определенный
3375	2	1	определенным
3376	2	1	определённую
3377	2	1	определённый
3378	2	1	опытом
3379	2	1	организованно
3380	2	1	ореха
3381	2	1	орехов
3382	2	1	орфографические
3383	2	1	осенью
3384	2	1	основная
3385	2	1	основные
3386	2	1	особенность
3387	2	1	оставался
3388	2	1	оставим
3389	2	1	оставить
3390	2	1	остались
3391	2	1	остальных
3392	2	1	останется
3393	2	1	остановилась
3394	2	1	остановились
3395	2	1	остановку
3396	2	1	ответственность
3397	2	1	отвечаю
3398	2	1	отвлекает
3399	2	1	отвлеченные
3400	2	1	отвратительная
3401	2	1	отдать
3402	2	1	отдых
3403	2	1	отдыха
3404	2	1	отдыхаешь
3405	2	1	отдыхали
3406	2	1	отдыхать
3407	2	1	отели
3408	2	1	отечественной
3409	2	1	откачивать
3410	2	1	откладываешь
3411	2	1	открывает
3412	2	1	открывается
3413	2	1	открывать
3414	2	1	открываю
3415	2	1	открыл
3416	2	1	отличается
3417	2	1	отличаются
3418	2	1	отличный
3419	2	1	отнеслись
3420	2	1	относительно
3421	2	1	относится
3422	2	1	отошло
3423	2	1	отправили
3424	2	1	отправляю
3425	2	1	отрастить
3426	2	1	отряд
3427	2	1	отступление
3428	2	1	отцы
3429	2	1	отчим
3430	2	1	отъехали
3431	2	1	офигенно
3432	2	1	офигеть
3433	2	1	официант
3434	2	1	очевидность
3435	2	1	очереди
3436	2	1	очередной
3437	2	1	ощущение
3438	2	1	ощущений
3439	2	1	ощущения
3440	2	1	павловы
3441	2	1	падали
3442	2	1	палево
3443	2	1	палец
3444	2	1	палочки
3445	2	1	панини
3446	2	1	папы
3447	2	1	пар
3448	2	1	параллельно
3449	2	1	паранормальные
3450	2	1	парез
3451	2	1	париж
3452	2	1	парижа
3453	2	1	парка
3454	2	1	пародию
3455	2	1	пачки
3456	2	1	пенсии
3457	2	1	первого
3458	2	1	первокурсники
3459	2	1	первому
3460	2	1	первыми
3461	2	1	перебором
3462	2	1	перевелась
3463	2	1	перевели
3464	2	1	перевода
3465	2	1	переводились
3466	2	1	переводы
3467	2	1	переехала
3468	2	1	переросло
3469	2	1	переставлять
3470	2	1	перестать
3471	2	1	переходите
3472	2	1	перешёл
3473	2	1	периоды
3474	2	1	песок
3475	2	1	печенье
3476	2	1	печка
3477	2	1	печёный
3478	2	1	пипец
3479	2	1	пипиканья
3480	2	1	писательницы
3481	2	1	письменность
3482	2	1	питере
3483	2	1	пить
3484	2	1	плакала
3485	2	1	планеты
3486	2	1	платишь
3487	2	1	плач
3488	2	1	плечи
3489	2	1	плоты
3490	2	1	плохие
3491	2	1	плохого
3492	2	1	плохое
3493	2	1	площади
3494	2	1	площадка
3495	2	1	площадки
3496	2	1	площадку
3497	2	1	пнул
3498	2	1	побольше
3499	2	1	поваром
3500	2	1	поведения
3501	2	1	повезли
3502	2	1	повседневку
3503	2	1	повторять
3504	2	1	погоде
3505	2	1	погрел
3506	2	1	подарок
3507	2	1	подбирают
3508	2	1	подгонять
3509	2	1	подготовить
3510	2	1	подгрузить
3511	2	1	подлез
3512	2	1	подносит
3513	2	1	подняться
3514	2	1	подобное
3515	2	1	подождала
3516	2	1	подозрительнее
3517	2	1	подольше
3518	2	1	подорожник
3519	2	1	подошли
3520	2	1	подписала
3521	2	1	подписать
3522	2	1	подробно
3523	2	1	подробностей
3524	2	1	подруг
3525	2	1	подруге
3526	2	1	подруги
3527	2	1	подстрелили
3528	2	1	подумаю
3529	2	1	подходим
3530	2	1	подхожу
3531	2	1	подъезд
3532	2	1	подъезде
3533	2	1	подъезду
3534	2	1	подъезды
3535	2	1	поедем
3536	2	1	поедет
3537	2	1	поездками
3538	2	1	поездку
3539	2	1	поется
3540	2	1	пожилых
3541	2	1	позвали
3542	2	1	позволить
3543	2	1	позвонила
3544	2	1	поздравления
3545	2	1	поздравляю
3546	2	1	позитивный
3547	2	1	познаешь
3548	2	1	пойдешь
3549	2	1	пойдёшь
3550	2	1	поймал
3551	2	1	поймать
3552	2	1	показал
3553	2	1	показался
3554	2	1	показатели
3555	2	1	показать
3556	2	1	поколение
3557	2	1	покупка
3558	2	1	пола
3559	2	1	полгода
3560	2	1	полегче
3561	2	1	полет
3562	2	1	половину
3563	2	1	положено
3564	2	1	полузаброшенное
3565	2	1	получалась
3566	2	1	получили
3567	2	1	полчаса
3568	2	1	польски
3569	2	1	польши
3570	2	1	полюбили
3571	2	1	поляк
3572	2	1	поляки
3573	2	1	поменяла
3574	2	1	поменялось
3575	2	1	помнили
3576	2	1	помогает
3577	2	1	помогала
3578	2	1	помогли
3579	2	1	помочь
3580	2	1	помощнее
3581	2	1	помыли
3582	2	1	понадобится
3583	2	1	поначалу
3584	2	1	понимаем
3585	2	1	понимал
3586	2	1	понравившуюся
3587	2	1	понятное
3588	2	1	попало
3589	2	1	попили
3590	2	1	попить
3591	2	1	поподробнее
3592	2	1	попробуй
3593	2	1	попросил
3594	2	1	пора
3595	2	1	поработать
3596	2	1	портновой
3597	2	1	поручень
3598	2	1	порядку
3599	2	1	посидели
3600	2	1	посидеть
3601	2	1	посидим
3602	2	1	последние
3603	2	1	послушали
3604	2	1	посмеивается
3605	2	1	посмотрел
3606	2	1	посмотри
3607	2	1	посмотришь
3608	2	1	поставил
3609	2	1	поставлено
3610	2	1	поставлю
3611	2	1	поставят
3612	2	1	постараюсь
3613	2	1	постеры
3614	2	1	построить
3615	2	1	поступки
3616	2	1	потихонечку
3617	2	1	потратила
3618	2	1	потрясающую
3619	2	1	поучаствовать
3620	2	1	поход
3621	2	1	похожую
3622	2	1	почитать
3623	2	1	пошло
3624	2	1	появляется
3625	2	1	появлялись
3626	2	1	появляться
3627	2	1	правила
3628	2	1	правилам
3629	2	1	правовая
3630	2	1	православный
3631	2	1	празднуете
3632	2	1	празднуется
3633	2	1	практиковать
3634	2	1	предложила
3635	2	1	предметы
3636	2	1	предпочитаю
3637	2	1	предпочитают
3638	2	1	председателем
3639	2	1	представляешь
3640	2	1	представляю
3641	2	1	представьте
3642	2	1	прежде
3643	2	1	президента
3644	2	1	президентом
3645	2	1	прекрасное
3646	2	1	прекрасную
3647	2	1	прекрасные
3648	2	1	препараты
3649	2	1	преподавания
3650	2	1	преподавателей
3651	2	1	престолов
3652	2	1	привезу
3653	2	1	привели
3654	2	1	привозит
3655	2	1	привыкают
3656	2	1	привыкли
3657	2	1	приглашения
3658	2	1	придёт
3659	2	1	приезжаешь
3660	2	1	приехать
3661	2	1	прикинул
3662	2	1	прилепин
3663	2	1	прилетел
3664	2	1	прилетели
3665	2	1	примеру
3666	2	1	принесли
3667	2	1	принимается
3668	2	1	принципиально
3669	2	1	приняли
3670	2	1	приправленным
3671	2	1	природа
3672	2	1	присоединение
3673	2	1	присоединился
3674	2	1	приходил
3675	2	1	приходило
3676	2	1	приходилось
3677	2	1	приходим
3678	2	1	приятно
3679	2	1	приятную
3680	2	1	пробиться
3681	2	1	проблемной
3682	2	1	пробок
3683	2	1	прованс
3684	2	1	провели
3685	2	1	проверяем
3686	2	1	проверять
3687	2	1	проводился
3688	2	1	проголосовали
3689	2	1	прогресс
3690	2	1	продавал
3691	2	1	продалось
3692	2	1	продают
3693	2	1	продвинулась
3694	2	1	проиграли
3695	2	1	происхождения
3696	2	1	пройти
3697	2	1	пролежнями
3698	2	1	пролетели
3699	2	1	пропагандирует
3700	2	1	прописки
3701	2	1	прописку
3702	2	1	пророщеное
3703	2	1	просила
3704	2	1	проспект
3705	2	1	прости
3706	2	1	простите
3707	2	1	простой
3708	2	1	пространства
3709	2	1	просыпаемся
3710	2	1	просыпались
3711	2	1	протирать
3712	2	1	протягивали
3713	2	1	профессиональное
3714	2	1	проход
3715	2	1	проходит
3716	2	1	проценты
3717	2	1	прошлая
3718	2	1	прошлую
3719	2	1	прыгала
3720	2	1	психологии
3721	2	1	психологически
3722	2	1	пугайтесь
3723	2	1	пустырь
3724	2	1	пустых
3725	2	1	путем
3726	2	1	путешествия
3727	2	1	пыталась
3728	2	1	пытаются
3729	2	1	пыхтит
3730	2	1	пятёрки
3731	2	1	работой
3732	2	1	рабочим
3733	2	1	разбираюсь
3734	2	1	разве
3735	2	1	развиваться
3736	2	1	развитии
3737	2	1	разговариваешь
3738	2	1	разговаривать
3739	2	1	различие
3740	2	1	различным
3741	2	1	разницы
3742	2	1	разрешил
3743	2	1	расплющивало
3744	2	1	расправил
3745	2	1	рассвет
3746	2	1	рассказывай
3747	2	1	рассказываю
3748	2	1	рассматривать
3749	2	1	рассольник
3750	2	1	расстояние
3751	2	1	растопила
3752	2	1	растяжка
3753	2	1	растёкся
3754	2	1	ребенком
3755	2	1	ревизорро
3756	2	1	регион
3757	2	1	редактором
3758	2	1	редакции
3759	2	1	редко
3760	2	1	режут
3761	2	1	резко
3762	2	1	рейс
3763	2	1	река
3764	2	1	ретранслятор
3765	2	1	решал
3766	2	1	решение
3767	2	1	рисовала
3768	2	1	рита
3769	2	1	ровно
3770	2	1	роде
3771	2	1	родственников
3772	2	1	рок
3773	2	1	роли
3774	2	1	роликах
3775	2	1	ром
3776	2	1	росли
3777	2	1	российское
3778	2	1	россию
3779	2	1	роста
3780	2	1	рояли
3781	2	1	рту
3782	2	1	ружьем
3783	2	1	рука
3784	2	1	рукой
3785	2	1	русских
3786	2	1	рыба
3787	2	1	рыженькое
3788	2	1	рыжий
3789	2	1	рюкзак
3790	2	1	савеловский
3791	2	1	садиков
3792	2	1	садились
3793	2	1	садись
3794	2	1	садиться
3795	2	1	салона
3796	2	1	самих
3797	2	1	само
3798	2	1	самостоятельной
3799	2	1	самостоятельность
3800	2	1	самым
3801	2	1	самых
3802	2	1	сан
3803	2	1	сантиметров
3804	2	1	саныч
3805	2	1	сатурн
3806	2	1	сахара
3807	2	1	сбить
3808	2	1	сваг
3809	2	1	свадьбы
3810	2	1	свести
3811	2	1	светлое
3812	2	1	свечи
3813	2	1	своему
3814	2	1	своя
3815	2	1	связано
3816	2	1	связаны
3817	2	1	связь
3818	2	1	сгорят
3819	2	1	сдать
3820	2	1	сдаём
3821	2	1	сделаем
3822	2	1	сделает
3823	2	1	сделан
3824	2	1	сделаю
3825	2	1	севера
3826	2	1	севере
3827	2	1	семейные
3828	2	1	семейный
3829	2	1	семеновна
3830	2	1	семинар
3831	2	1	семьях
3832	2	1	сентябре
3833	2	1	сентябрь
3834	2	1	серая
3835	2	1	сердце
3836	2	1	сердцу
3837	2	1	сериал
3838	2	1	серьёзно
3839	2	1	сестрами
3840	2	1	сжал
3841	2	1	сигарету
3842	2	1	сигнал
3843	2	1	сидим
3844	2	1	силу
3845	2	1	сильная
3846	2	1	сильнее
3847	2	1	ситуацией
3848	2	1	ситуации
3849	2	1	сказано
3850	2	1	сказка
3851	2	1	сказку
3852	2	1	сказочно
3853	2	1	скайпе
3854	2	1	сколь
3855	2	1	скорой
3856	2	1	скором
3857	2	1	скотиной
3858	2	1	скромные
3859	2	1	сладкий
3860	2	1	следует
3861	2	1	слежу
3862	2	1	слетать
3863	2	1	словесным
3864	2	1	сложилось
3865	2	1	сложная
3866	2	1	сложнее
3867	2	1	сложности
3868	2	1	сложные
3869	2	1	случилось
3870	2	1	случиться
3871	2	1	слушатель
3872	2	1	слышала
3873	2	1	слышишь
3874	2	1	слёзками
3875	2	1	сметана
3876	2	1	смеха
3877	2	1	смехом
3878	2	1	смеются
3879	2	1	смилостивилась
3880	2	1	сможешь
3881	2	1	смотря
3882	2	1	смотрят
3883	2	1	смущает
3884	2	1	снеговик
3885	2	1	снимайте
3886	2	1	снимал
3887	2	1	снял
3888	2	1	снять
3889	2	1	собак
3890	2	1	собаке
3891	2	1	собакой
3892	2	1	собеседование
3893	2	1	собирает
3894	2	1	собственное
3895	2	1	событий
3896	2	1	советском
3897	2	1	совместными
3898	2	1	современный
3899	2	1	современными
3900	2	1	согласись
3901	2	1	содержать
3902	2	1	создавать
3903	2	1	солярис
3904	2	1	сон
3905	2	1	сообщения
3906	2	1	сообщество
3907	2	1	сорока
3908	2	1	соседняя
3909	2	1	сосны
3910	2	1	состав
3911	2	1	составил
3912	2	1	составлял
3913	2	1	сохранить
3914	2	1	социальной
3915	2	1	социальную
3916	2	1	социальный
3917	2	1	социальным
3918	2	1	сочинение
3919	2	1	сочинения
3920	2	1	сочла
3921	2	1	союз
3922	2	1	союзе
3923	2	1	спали
3924	2	1	спасают
3925	2	1	специальность
3926	2	1	спор
3927	2	1	спортивный
3928	2	1	способ
3929	2	1	способами
3930	2	1	способен
3931	2	1	спрашиваю
3932	2	1	спросила
3933	2	1	спускались
3934	2	1	спускаться
3935	2	1	спустились
3936	2	1	спят
3937	2	1	сравнение
3938	2	1	сравнению
3939	2	1	сравнится
3940	2	1	средневековье
3941	2	1	среднее
3942	2	1	средней
3943	2	1	средство
3944	2	1	срок
3945	2	1	сс
3946	2	1	ст
3947	2	1	ста
3948	2	1	ставится
3949	2	1	ставят
3950	2	1	стажировки
3951	2	1	стажировку
3952	2	1	сталкивались
3953	2	1	сталкиваются
3954	2	1	станции
3955	2	1	старой
3956	2	1	старостин
3957	2	1	старшие
3958	2	1	старых
3959	2	1	статус
3960	2	1	статьи
3961	2	1	стиле
3962	2	1	стоим
3963	2	1	столице
3964	2	1	сторону
3965	2	1	стосемьдесятдевятую
3966	2	1	стояло
3967	2	1	стояночки
3968	2	1	странных
3969	2	1	страну
3970	2	1	страсть
3971	2	1	страший
3972	2	1	страшного
3973	2	1	страшной
3974	2	1	стрелки
3975	2	1	стрижки
3976	2	1	строительства
3977	2	1	строительство
3978	2	1	строительством
3979	2	1	строится
3980	2	1	стройке
3981	2	1	студенческие
3982	2	1	сугроб
3983	2	1	сугробы
3984	2	1	судьи
3985	2	1	суманак
3986	2	1	сумками
3987	2	1	суперская
3988	2	1	сурпу
3989	2	1	сухарики
3990	2	1	сухофруктами
3991	2	1	сушеный
3992	2	1	сущности
3993	2	1	сходил
3994	2	1	счастливым
3995	2	1	счастье
3996	2	1	счастью
3997	2	1	считаем
3998	2	1	считать
3999	2	1	считаются
4000	2	1	сшила
4001	2	1	сыграешь
4002	2	1	сыном
4003	2	1	сыр
4004	2	1	сэд
4005	2	1	таганской
4006	2	1	таежные
4007	2	1	такому
4008	2	1	талант
4009	2	1	талерка
4010	2	1	танцевали
4011	2	1	танцуют
4012	2	1	танцы
4013	2	1	тарасов
4014	2	1	тарелка
4015	2	1	твоей
4016	2	1	творец
4017	2	1	творческие
4018	2	1	твою
4019	2	1	твёрдые
4020	2	1	текста
4021	2	1	телевидение
4022	2	1	телевизора
4023	2	1	телефона
4024	2	1	тематические
4025	2	1	температура
4026	2	1	теорий
4027	2	1	теория
4028	2	1	термин
4029	2	1	территории
4030	2	1	тетерев
4031	2	1	течение
4032	2	1	тиму
4033	2	1	тины
4034	2	1	тихо
4035	2	1	тихонечко
4036	2	1	тишина
4037	2	1	токо
4038	2	1	толстовок
4039	2	1	топово
4040	2	1	топчан
4041	2	1	трамп
4042	2	1	транспорт
4043	2	1	требовали
4044	2	1	тренеры
4045	2	1	тренировки
4046	2	1	третье
4047	2	1	третья
4048	2	1	трех
4049	2	1	тридцати
4050	2	1	тридцатый
4051	2	1	тринадцать
4052	2	1	тройку
4053	2	1	трёхлетки
4054	2	1	тундра
4055	2	1	тупой
4056	2	1	тупые
4057	2	1	тусовки
4058	2	1	тусовок
4059	2	1	туфельки
4060	2	1	тюрьмы
4061	2	1	тяга
4062	2	1	тяжелая
4063	2	1	тянутся
4064	2	1	тёплые
4065	2	1	убирать
4066	2	1	увела
4067	2	1	уверен
4068	2	1	увидели
4069	2	1	увидит
4070	2	1	увлекательно
4071	2	1	увлекаюсь
4072	2	1	увлечений
4073	2	1	угостила
4074	2	1	удивительно
4075	2	1	уезжали
4076	2	1	уехал
4077	2	1	уехать
4078	2	1	ужас
4079	2	1	ужасно
4080	2	1	ужасов
4081	2	1	узаконенное
4082	2	1	узел
4083	2	1	уйду
4084	2	1	украла
4085	2	1	улетал
4086	2	1	улицы
4087	2	1	улыбается
4088	2	1	умеем
4089	2	1	умерла
4090	2	1	умным
4091	2	1	универ
4092	2	1	университета
4093	2	1	унижают
4094	2	1	упаковке
4095	2	1	управляемый
4096	2	1	уроке
4097	2	1	уроков
4098	2	1	усилия
4099	2	1	успеваешь
4100	2	1	успех
4101	2	1	успехов
4102	2	1	успокоился
4103	2	1	устной
4104	2	1	устраивала
4105	2	1	устройство
4106	2	1	ути
4107	2	1	утонуть
4108	2	1	утрам
4109	2	1	утрамбовывался
4110	2	1	ууу
4111	2	1	ухожу
4112	2	1	учеба
4113	2	1	учебная
4114	2	1	учебном
4115	2	1	учеников
4116	2	1	учит
4117	2	1	учите
4118	2	1	учительница
4119	2	1	учителям
4120	2	1	учитывая
4121	2	1	учишься
4122	2	1	учёного
4123	2	1	ушла
4124	2	1	ушло
4125	2	1	ущемляет
4126	2	1	фабрике
4127	2	1	фазе
4128	2	1	фанатов
4129	2	1	фанаты
4130	2	1	фары
4131	2	1	фауста
4132	2	1	фашизм
4133	2	1	физически
4134	2	1	философия
4135	2	1	фильма
4136	2	1	финальный
4137	2	1	фонему
4138	2	1	формально
4139	2	1	форме
4140	2	1	фортепиано
4141	2	1	фотка
4142	2	1	фраза
4143	2	1	французов
4144	2	1	французские
4145	2	1	французском
4146	2	1	функции
4147	2	1	функцию
4148	2	1	футуристов
4149	2	1	футурологов
4150	2	1	фэйс
4151	2	1	хаер
4152	2	1	характер
4153	2	1	характера
4154	2	1	характером
4155	2	1	хватило
4156	2	1	хвоста
4157	2	1	хвосты
4158	2	1	хиджаб
4159	2	1	хитрая
4160	2	1	хлеба
4161	2	1	хмм
4162	2	1	ходишь
4163	2	1	хозяина
4164	2	1	холодные
4165	2	1	хоп
4166	2	1	хорошей
4167	2	1	хохочет
4168	2	1	храбрым
4169	2	1	хрен
4170	2	1	хы
4171	2	1	хюндай
4172	2	1	хюсисаин
4173	2	1	цвет
4174	2	1	цветов
4175	2	1	целине
4176	2	1	целом
4177	2	1	целуются
4178	2	1	целые
4179	2	1	церковка
4180	2	1	цивилизацией
4181	2	1	цокает
4182	2	1	цоканье
4183	2	1	цэ
4184	2	1	чажемто
4185	2	1	чайковского
4186	2	1	часами
4187	2	1	частью
4188	2	1	чаще
4189	2	1	человеки
4190	2	1	человечества
4191	2	1	черта
4192	2	1	четверо
4193	2	1	четвёртый
4194	2	1	чинить
4195	2	1	число
4196	2	1	чистом
4197	2	1	чистоте
4198	2	1	читаешь
4199	2	1	чувака
4200	2	1	чуваком
4201	2	1	чувствовал
4202	2	1	чудесные
4203	2	1	чья
4204	2	1	чёрт
4205	2	1	ш
4206	2	1	шанс
4207	2	1	шарлотка
4208	2	1	шарлотку
4209	2	1	шаровать
4210	2	1	шваброй
4211	2	1	швея
4212	2	1	шестнадцать
4213	2	1	шесты
4214	2	1	шея
4215	2	1	шик
4216	2	1	шикарная
4217	2	1	шиномонтаж
4218	2	1	школах
4219	2	1	школьный
4220	2	1	шланг
4221	2	1	шокаю
4222	2	1	шоке
4223	2	1	шоколад
4224	2	1	шторы
4225	2	1	штуку
4226	2	1	штучки
4227	2	1	шубе
4228	2	1	шубка
4229	2	1	шулем
4230	2	1	шустрый
4231	2	1	шутку
4232	2	1	щук
4233	2	1	щёчки
4234	2	1	эвакуация
4235	2	1	экзамен
4236	2	1	экономики
4237	2	1	электричка
4238	2	1	электрофорез
4239	2	1	элементарно
4240	2	1	эмодзи
4241	2	1	эмоции
4242	2	1	эсэмэску
4243	2	1	этажу
4244	2	1	этапа
4245	2	1	ээээээ
4246	2	1	эээээээ
4247	2	1	юао
4248	2	1	юг
4249	2	1	юга
4250	2	1	являются
4251	2	1	языков
4252	2	1	языком
4253	2	1	яйца
